
	|-----------------------------------------------------------------|
	|    Copyright (C) 2011-2026 (DRIP, DROP)
	|-----------------------------------------------------------------|
	|    Build Version  => 8.01.0 multi
	|    Build JVM (TM) => 15.0.1+9-18 mixed mode, sharing
	|    Build Snap     => Sat Sep 26 23:09:04 EST 2026
	|    Start Time     => Wed Sep 30 20:39:53 EDT 2026
	|    Setup Time     => Wed Sep 30 20:39:54 EDT 2026
	|    Setup Duration => 753 ms
	|-----------------------------------------------------------------|

	||--------------------------------------------------||
	|| Multi-Bond Curve Calibrator => Multi-Bond Least-squares Function: {25-SEP-2026, USD, UST} {Pillar Dates: 25-SEP-2027, 25-SEP-2028, 25-SEP-2029, 25-SEP-2030, 25-SEP-2031, 25-SEP-2032, 25-SEP-2033, 25-SEP-2034, 25-SEP-2035, 25-SEP-2036, 25-SEP-2037, 25-SEP-2038, 25-SEP-2039, 25-SEP-2040, 25-SEP-2041, 25-SEP-2042, 25-SEP-2043, 25-SEP-2044, 25-SEP-2045, 25-SEP-2046, 25-SEP-2047, 25-SEP-2048, 25-SEP-2049, 25-SEP-2050, 25-SEP-2051, 25-SEP-2052, 25-SEP-2053, 25-SEP-2054, 25-SEP-2055, 25-SEP-2056, };
Calibration Components:
	[1 4.00 15-FEB-2029] => 099.908 | 01.00]
	[2 5.00 01-AUG-2029] => 102.160 | 01.00]
	[3 5.00 15-OCT-2029] => 103.519 | 01.00]
	[4 5.00 15-FEB-2030] => 102.500 | 01.00]
	[5 5.00 15-FEB-2029] => 103.139 | 01.00]
	[6 4.00 01-MAR-2029] => 100.997 | 01.00]
	[7 5.00 01-DEC-2029] => 103.406 | 01.00]
	[8 4.00 01-NOV-2029] => 102.299 | 01.00]
	[9 5.00 15-FEB-2030] => 102.717 | 01.00]
	[10 5.00 01-OCT-2028] => 102.911 | 01.00]
	[11 5.00 01-DEC-2028] => 101.912 | 01.00]
	[12 5.00 15-FEB-2029] => 102.520 | 01.00]
	[13 5.00 01-DEC-2028] => 102.300 | 01.00]
	[14 5.00 01-DEC-2029] => 101.390 | 01.00]
	[15 5.25 01-FEB-2028] => 101.685 | 01.00]
	[16 4.00 01-SEP-2027] => 101.458 | 01.00]
	[17 5.00 01-OCT-2029] => 104.180 | 01.00]
	[18 5.00 01-SEP-2028] => 102.138 | 01.00]
	[19 5.00 01-OCT-2028] => 101.613 | 01.00]
	[20 5.00 15-FEB-2028] => 101.566 | 01.00]
	[21 4.00 15-FEB-2029] => 099.308 | 01.00]
	[22 5.00 01-AUG-2029] => 102.160 | 01.00]
	[23 5.00 01-DEC-2031] => 102.393 | 01.00]
	[24 5.00 15-JUL-2030] => 101.789 | 01.00]
	[25 5.00 15-OCT-2029] => 103.519 | 01.00]
	[26 5.00 15-JUN-2031] => 102.508 | 01.00]
	[27 5.00 15-FEB-2030] => 102.500 | 01.00]
	[28 5.00 01-DEC-2031] => 104.367 | 01.00]
	[29 5.00 15-SEP-2031] => 103.830 | 01.00]
	[30 5.00 01-DEC-2031] => 104.428 | 01.00]
	[31 5.00 15-FEB-2029] => 103.139 | 01.00]
	[32 4.00 15-FEB-2031] => 100.930 | 01.00]
	[33 5.00 15-FEB-2031] => 102.911 | 01.00]
	[34 4.00 01-MAR-2029] => 100.997 | 01.00]
	[35 5.00 01-DEC-2029] => 103.406 | 01.00]
	[36 5.00 15-AUG-2031] => 104.846 | 01.00]
	[37 5.00 01-AUG-2031] => 102.660 | 01.00]
	[38 4.00 01-NOV-2029] => 102.299 | 01.00]
	[39 5.00 15-FEB-2030] => 102.717 | 01.00]
	[40 5.00 15-NOV-2030] => 101.733 | 01.00]
	[41 5.00 15-FEB-2033] => 104.480 | 01.00]
	[42 5.00 01-DEC-2031] => 102.393 | 01.00]
	[43 5.00 01-SEP-2033] => 106.315 | 01.00]
	[44 5.00 15-JUL-2030] => 101.789 | 01.00]
	[45 5.00 01-AUG-2033] => 106.279 | 01.00]
	[46 3.00 01-AUG-2033] => 091.858 | 01.00]
	[47 5.00 15-FEB-2033] => 104.370 | 01.00]
	[48 5.00 15-JUN-2031] => 102.508 | 01.00]
	[49 4.00 01-DEC-2033] => 096.755 | 01.00]
	[50 5.00 01-DEC-2031] => 104.367 | 01.00]
	[51 5.00 15-SEP-2031] => 103.830 | 01.00]
	[52 5.00 01-DEC-2031] => 104.428 | 01.00]
	[53 3.00 01-AUG-2033] => 090.860 | 01.00]
	[54 5.00 01-AUG-2032] => 104.339 | 01.00]
	[55 5.00 01-JUN-2032] => 104.219 | 01.00]
	[56 4.00 01-DEC-2033] => 097.556 | 01.00]
	[57 4.00 15-FEB-2031] => 100.930 | 01.00]
	[58 5.00 01-DEC-2033] => 100.840 | 01.00]
	[59 5.00 01-AUG-2032] => 104.178 | 01.00]
	[60 5.00 01-MAR-2032] => 104.380 | 01.00]
	[61 5.00 01-FEB-2038] => 101.599 | 01.00]
	[62 5.00 01-APR-2034] => 101.605 | 01.00]
	[63 5.00 01-DEC-2034] => 102.507 | 01.00]
	[64 5.00 15-FEB-2037] => 101.913 | 01.00]
	[65 5.00 01-FEB-2035] => 102.910 | 01.00]
	[66 5.00 15-FEB-2035] => 104.250 | 01.00]
	[67 4.00 15-AUG-2037] => 099.777 | 01.00]
	[68 4.00 15-AUG-2037] => 099.777 | 01.00]
	[69 5.00 01-MAR-2035] => 104.901 | 01.00]
	[70 5.00 01-FEB-2035] => 102.229 | 01.00]
	[71 5.00 15-FEB-2035] => 104.000 | 01.00]
	[72 5.00 01-JUN-2035] => 104.793 | 01.00]
	[73 5.00 01-AUG-2037] => 103.608 | 01.00]
	[74 5.00 01-JUL-2037] => 104.596 | 01.00]
	[75 5.00 01-FEB-2035] => 104.502 | 01.00]
	[76 4.00 15-FEB-2038] => 094.301 | 01.00]
	[77 5.00 01-OCT-2037] => 103.848 | 01.00]
	[78 5.00 01-AUG-2037] => 101.030 | 01.00]
	[79 5.00 01-AUG-2034] => 103.580 | 01.00]
	[80 5.00 15-AUG-2038] => 101.825 | 01.00]
	[81 5.00 01-FEB-2038] => 101.599 | 01.00]
	[82 4.00 15-AUG-2037] => 099.777 | 01.00]
	[83 5.00 01-JUL-2040] => 099.500 | 01.00]
	[84 5.00 15-FEB-2042] => 100.098 | 01.00]
	[85 5.00 01-JUL-2040] => 102.153 | 01.00]
	[86 5.00 01-AUG-2037] => 103.608 | 01.00]
	[87 5.00 01-JUL-2037] => 104.596 | 01.00]
	[88 4.00 01-DEC-2039] => 085.921 | 01.00]
	[89 5.00 15-JUN-2041] => 100.404 | 01.00]
	[90 4.00 15-FEB-2038] => 094.301 | 01.00]
	[91 5.00 01-OCT-2037] => 103.848 | 01.00]
	[92 5.00 01-AUG-2037] => 101.030 | 01.00]
	[93 5.00 15-AUG-2038] => 101.825 | 01.00]
	[94 4.00 01-DEC-2037] => 091.511 | 01.00]
	[95 5.00 01-DEC-2039] => 100.105 | 01.00]
	[96 5.00 01-DEC-2041] => 100.679 | 01.00]
	[97 5.00 15-FEB-2042] => 101.206 | 01.00]
	[98 5.00 15-FEB-2041] => 101.307 | 01.00]
	[99 5.00 01-OCT-2038] => 103.807 | 01.00]
	[100 5.00 15-DEC-2041] => 102.546 | 01.00]
	[101 4.00 01-FEB-2043] => 087.590 | 01.00]
	[102 5.00 01-JUL-2040] => 099.500 | 01.00]
	[103 5.00 15-FEB-2042] => 100.098 | 01.00]
	[104 5.00 01-JUL-2040] => 102.153 | 01.00]
	[105 4.00 15-FEB-2044] => 086.216 | 01.00]
	[106 5.00 15-JUN-2041] => 100.404 | 01.00]
	[107 3.12 15-AUG-2044] => 074.209 | 01.00]
	[108 5.25 15-JUN-2044] => 103.386 | 01.00]
	[109 4.00 01-OCT-2044] => 090.202 | 01.00]
	[110 5.00 01-DEC-2041] => 100.679 | 01.00]
	[111 5.00 01-AUG-2042] => 101.398 | 01.00]
	[112 5.00 15-FEB-2042] => 101.206 | 01.00]
	[113 5.00 15-FEB-2041] => 101.307 | 01.00]
	[114 5.00 15-DEC-2041] => 102.546 | 01.00]
	[115 5.00 01-APR-2043] => 098.596 | 01.00]
	[116 4.00 01-AUG-2043] => 091.366 | 01.00]
	[117 5.25 01-DEC-2040] => 103.561 | 01.00]
	[118 4.00 01-AUG-2041] => 089.275 | 01.00]
	[119 5.00 01-AUG-2044] => 100.962 | 01.00]
	[120 4.00 01-AUG-2046] => 086.847 | 01.00]
	[121 5.00 15-FEB-2048] => 099.994 | 01.00]
	[122 4.00 15-JUN-2049] => 080.650 | 01.00]
	[123 4.00 01-AUG-2046] => 086.847 | 01.00]
	[124 4.00 01-APR-2045] => 084.923 | 01.00]
	[125 4.00 01-AUG-2047] => 082.634 | 01.00]
	[126 4.00 01-JUN-2047] => 085.130 | 01.00]
	[127 5.00 01-APR-2048] => 100.144 | 01.00]
	[128 5.00 01-SEP-2045] => 102.435 | 01.00]
	[129 5.00 01-OCT-2048] => 100.701 | 01.00]
	[130 4.00 01-OCT-2045] => 090.679 | 01.00]
	[131 5.00 15-SEP-2045] => 099.835 | 01.00]
	[132 5.00 01-FEB-2046] => 102.589 | 01.00]
	[133 4.00 01-FEB-2047] => 084.149 | 01.00]
	[134 5.00 01-FEB-2052] => 093.173 | 01.00]
	[135 4.62 15-JUN-2045] => 100.419 | 01.00]
	[136 5.00 01-JUL-2045] => 100.733 | 01.00]
	[137 5.00 15-FEB-2049] => 102.120 | 01.00]
	[138 5.00 15-AUG-2049] => 098.927 | 01.00]
	[139 5.00 15-SEP-2048] => 099.268 | 01.00]
	[140 5.25 15-FEB-2049] => 105.177 | 01.00]
	[141 5.00 15-MAR-2050] => 096.043 | 01.00]
	[142 5.25 15-MAR-2050] => 094.408 | 01.00]
	[143 5.00 15-JUN-2050] => 095.368 | 01.00]
	[144 5.00 01-DEC-2055] => 093.455 | 01.00]
	[145 5.00 15-FEB-2051] => 094.711 | 01.00]
	[146 5.00 15-FEB-2051] => 098.621 | 01.00]
	[147 4.25 01-FEB-2054] => 080.086 | 01.00]
	[148 5.25 01-FEB-2053] => 096.535 | 01.00]
	[149 5.00 01-AUG-2052] => 095.798 | 01.00]
	[150 5.25 01-DEC-2054] => 094.668 | 01.00]
	[151 4.50 15-MAY-2052] => 084.838 | 01.00]
	[152 5.00 01-JUN-2055] => 094.722 | 01.00]
	[153 5.25 01-AUG-2050] => 100.836 | 01.00]
	[154 5.25 15-JUN-2055] => 097.958 | 01.00]
	[155 5.00 01-DEC-2052] => 100.367 | 01.00]
	[156 4.50 15-AUG-2050] => 088.758 | 01.00]
	[157 4.25 01-AUG-2052] => 084.874 | 01.00]
	[158 4.00 01-JUN-2051] => 076.770 | 01.00]
	[159 5.00 15-MAR-2055] => 094.590 | 01.00]
	[160 5.00 01-JAN-2056] => 103.206 | 01.00]
	||  {Vertex Count => 120 | Lower Search Bound => 0.01 | Upper Search Bound => 0.09 | Incorporate Centroid => false | Tolerance => 1.0-07}
	||--------------------------------------------------||

	||-------------------------------------------------------------------------------------------------------------------------------||
	|| {0}: [Value:  0.047230; Vertex:  0.027098 | 0.041495 | 0.029547 | 0.070567 | 0.027078 | 0.043770 | 0.055158 | 0.066782 | 0.006190 | 0.105745 | 0.009612 | 0.084597 | 0.100948 | 0.000057 | 0.055292 | 0.060765 | 0.056547 | 0.051877 | 0.011687 | 0.110554 | 0.081706 |-0.045148 | 0.189161 | 0.017358 | 0.177515 |-0.085841 | 0.202358 | 0.009091 |-0.001811 |-0.304791] ||
	|| {0}: Cumulative Yield Vertex:    0.027098 | 0.034293 | 0.032712 | 0.042104 | 0.039091 | 0.039872 | 0.042047 | 0.045120 | 0.040760 | 0.047180 | 0.043738 | 0.047110 | 0.051199 | 0.047496 | 0.048015 | 0.048809 | 0.049263 | 0.049408 | 0.047407 | 0.050517 | 0.051990 | 0.047463 | 0.053424 | 0.051910 | 0.056789 | 0.051100 | 0.056509 | 0.054797 | 0.052820 | 0.039738 ||
	||-------------------------------------------------------------------------------------------------------------------------------||
	|| {0}:  41167 => 39961 | 0520 | 0686 | 0000 ||
	||-------------------------------------------------------------------------------------------------------------------------------||
	|| {1}: [Value:  0.047215; Vertex:  0.027144 | 0.041429 | 0.029511 | 0.070672 | 0.027113 | 0.043399 | 0.055280 | 0.068481 | 0.002401 | 0.111456 | 0.005977 | 0.085657 | 0.100038 | 0.000713 | 0.054426 | 0.062504 | 0.053632 | 0.054316 | 0.010214 | 0.114725 | 0.075195 |-0.040747 | 0.184938 | 0.022312 | 0.169986 |-0.082153 | 0.209321 | 0.002403 | 0.000312 |-0.311831] ||
	|| {1}: Cumulative Yield Vertex:    0.027144 | 0.034284 | 0.032693 | 0.042116 | 0.039108 | 0.039824 | 0.042023 | 0.045309 | 0.040500 | 0.047500 | 0.043693 | 0.047155 | 0.051173 | 0.047519 | 0.047979 | 0.048883 | 0.049162 | 0.049448 | 0.047366 | 0.050680 | 0.051840 | 0.047530 | 0.053316 | 0.052016 | 0.056606 | 0.051077 | 0.056726 | 0.054762 | 0.052862 | 0.039495 ||
	||-------------------------------------------------------------------------------------------------------------------------------||
	|| {1}:  62659 => 60943 | 0982 | 0734 | 0000 ||
	||-------------------------------------------------------------------------------------------------------------------------------||
	|| {2}: [Value:  0.047847; Vertex:  0.027422 | 0.040992 | 0.029672 | 0.070738 | 0.026912 | 0.043764 | 0.055131 | 0.067732 | 0.004228 | 0.109813 | 0.006456 | 0.084499 | 0.100466 | 0.001094 | 0.056021 | 0.058017 | 0.062820 | 0.046025 | 0.013804 | 0.109621 | 0.080031 |-0.042992 | 0.185507 | 0.025542 | 0.158230 |-0.067343 | 0.163960 | 0.087055 |-0.096069 |-0.076317] ||
	|| {2}: Cumulative Yield Vertex:    0.027422 | 0.034205 | 0.032694 | 0.042133 | 0.039081 | 0.039862 | 0.042035 | 0.045227 | 0.040634 | 0.047461 | 0.043702 | 0.047069 | 0.051125 | 0.047503 | 0.048070 | 0.048689 | 0.049517 | 0.049323 | 0.047439 | 0.050502 | 0.051898 | 0.047478 | 0.053290 | 0.052127 | 0.056266 | 0.051359 | 0.055420 | 0.056541 | 0.051084 | 0.046695 ||
	||-------------------------------------------------------------------------------------------------------------------------------||
	|| {2}:  27808 => 26951 | 0173 | 0684 | 0000 ||
	||-------------------------------------------------------------------------------------------------------------------------------||
	|| {3}: [Value:  0.047209; Vertex:  0.027655 | 0.040801 | 0.029614 | 0.070830 | 0.026919 | 0.043357 | 0.055624 | 0.067017 | 0.005506 | 0.106371 | 0.009356 | 0.084684 | 0.101098 |-0.000084 | 0.055151 | 0.061098 | 0.056845 | 0.050813 | 0.012285 | 0.111196 | 0.079609 |-0.042883 | 0.185872 | 0.021700 | 0.170122 |-0.082296 | 0.209947 | 0.004056 |-0.002237 |-0.314173] ||
	|| {3}: Cumulative Yield Vertex:    0.027655 | 0.034227 | 0.032689 | 0.042152 | 0.039098 | 0.039808 | 0.042058 | 0.045160 | 0.040718 | 0.047202 | 0.043735 | 0.047114 | 0.051215 | 0.047500 | 0.048009 | 0.048824 | 0.049294 | 0.049379 | 0.047411 | 0.050552 | 0.051925 | 0.047509 | 0.053335 | 0.052008 | 0.056603 | 0.051068 | 0.056740 | 0.054836 | 0.052842 | 0.039381 ||
	||-------------------------------------------------------------------------------------------------------------------------------||
	|| {3}:  68528 => 66720 | 1117 | 0691 | 0000 ||
	||-------------------------------------------------------------------------------------------------------------------------------||
	|| {4}: [Value:  0.047213; Vertex:  0.027388 | 0.041120 | 0.029549 | 0.071039 | 0.026580 | 0.044031 | 0.054858 | 0.066790 | 0.006946 | 0.102806 | 0.012277 | 0.083412 | 0.103002 |-0.001685 | 0.055857 | 0.061075 | 0.055908 | 0.051833 | 0.011784 | 0.112519 | 0.077947 |-0.041298 | 0.182846 | 0.023748 | 0.171431 |-0.083650 | 0.207800 | 0.007414 |-0.004685 |-0.310472] ||
	|| {4}: Cumulative Yield Vertex:    0.027388 | 0.034252 | 0.032684 | 0.042199 | 0.039068 | 0.039895 | 0.042025 | 0.045102 | 0.040829 | 0.046956 | 0.043781 | 0.047052 | 0.051300 | 0.047462 | 0.048020 | 0.048833 | 0.049248 | 0.049392 | 0.047397 | 0.050602 | 0.051896 | 0.047556 | 0.053256 | 0.052019 | 0.056664 | 0.051071 | 0.056668 | 0.054889 | 0.052807 | 0.039497 ||
	||-------------------------------------------------------------------------------------------------------------------------------||
	|| {4}:  37868 => 36787 | 0426 | 0655 | 0000 ||
	||-------------------------------------------------------------------------------------------------------------------------------||
	|| {5}: [Value:  0.047245; Vertex:  0.027994 | 0.040455 | 0.029720 | 0.070460 | 0.027193 | 0.043749 | 0.054751 | 0.068376 | 0.003283 | 0.110916 | 0.005859 | 0.085570 | 0.098771 | 0.002840 | 0.053456 | 0.063293 | 0.052348 | 0.055513 | 0.009661 | 0.114315 | 0.075742 |-0.040782 | 0.184871 | 0.022083 | 0.172624 |-0.086008 | 0.218417 |-0.000795 |-0.009233 |-0.283304] ||
	|| {5}: Cumulative Yield Vertex:    0.027994 | 0.034223 | 0.032723 | 0.042086 | 0.039100 | 0.039876 | 0.041992 | 0.045270 | 0.040564 | 0.047506 | 0.043687 | 0.047143 | 0.051066 | 0.047576 | 0.047968 | 0.048921 | 0.049123 | 0.049478 | 0.047364 | 0.050659 | 0.051845 | 0.047533 | 0.053317 | 0.052007 | 0.056697 | 0.051005 | 0.056970 | 0.054880 | 0.052637 | 0.040420 ||
	||-------------------------------------------------------------------------------------------------------------------------------||
	|| {5}:  38410 => 37349 | 0422 | 0639 | 0000 ||
	||-------------------------------------------------------------------------------------------------------------------------------||
	|| {6}: [Value:  0.047955; Vertex:  0.028180 | 0.040165 | 0.029827 | 0.070775 | 0.026656 | 0.044379 | 0.054245 | 0.067793 | 0.005142 | 0.101187 | 0.015424 | 0.083150 | 0.101854 | 0.000486 | 0.053219 | 0.064693 | 0.051994 | 0.053948 | 0.010444 | 0.115405 | 0.073590 |-0.038257 | 0.183628 | 0.019788 | 0.178062 |-0.085969 | 0.191011 | 0.060272 |-0.092910 |-0.043115] ||
	|| {6}: Cumulative Yield Vertex:    0.028180 | 0.034172 | 0.032724 | 0.042164 | 0.039055 | 0.039943 | 0.041978 | 0.045185 | 0.040699 | 0.046680 | 0.043821 | 0.047068 | 0.051228 | 0.047554 | 0.047931 | 0.048974 | 0.049152 | 0.049418 | 0.047350 | 0.050698 | 0.051781 | 0.047592 | 0.053322 | 0.051915 | 0.056814 | 0.051119 | 0.056134 | 0.056282 | 0.050951 | 0.047738 ||
	||-------------------------------------------------------------------------------------------------------------------------------||
	|| {6}:  34536 => 33460 | 0356 | 0720 | 0000 ||
	||-------------------------------------------------------------------------------------------------------------------------------||
	|| {7}: [Value:  0.047604; Vertex:  0.026480 | 0.042467 | 0.028724 | 0.071732 | 0.026293 | 0.044094 | 0.054172 | 0.070699 |-0.001912 | 0.111316 | 0.009451 | 0.084222 | 0.099356 | 0.003211 | 0.052783 | 0.064071 | 0.053922 | 0.051293 | 0.014045 | 0.106279 | 0.086206 |-0.047835 | 0.190949 | 0.019686 | 0.161593 |-0.066122 | 0.155794 | 0.081353 |-0.071029 |-0.163922] ||
	|| {7}: Cumulative Yield Vertex:    0.026480 | 0.034469 | 0.032554 | 0.042272 | 0.039068 | 0.039906 | 0.041936 | 0.045507 | 0.040187 | 0.047204 | 0.043745 | 0.047086 | 0.051057 | 0.047595 | 0.047941 | 0.048944 | 0.049237 | 0.049351 | 0.047479 | 0.050377 | 0.052068 | 0.047409 | 0.053445 | 0.052029 | 0.056300 | 0.051441 | 0.055212 | 0.056139 | 0.051621 | 0.044029 ||
	||-------------------------------------------------------------------------------------------------------------------------------||
	|| {7}:  29078 => 28171 | 0228 | 0679 | 0000 ||
	||-------------------------------------------------------------------------------------------------------------------------------||
	|| {8}: [Value:  0.047214; Vertex:  0.027173 | 0.041317 | 0.029548 | 0.071069 | 0.026499 | 0.044322 | 0.054452 | 0.067808 | 0.004702 | 0.106672 | 0.009344 | 0.085336 | 0.100822 |-0.000646 | 0.056017 | 0.059610 | 0.057908 | 0.051465 | 0.010912 | 0.114341 | 0.075137 |-0.039862 | 0.182788 | 0.023951 | 0.171416 |-0.084720 | 0.210203 | 0.007182 |-0.007372 |-0.300833] ||
	|| {8}: Cumulative Yield Vertex:    0.027173 | 0.034242 | 0.032678 | 0.042202 | 0.039053 | 0.039932 | 0.041998 | 0.045205 | 0.040667 | 0.047186 | 0.043719 | 0.047153 | 0.051229 | 0.047473 | 0.048041 | 0.048761 | 0.049298 | 0.049418 | 0.047375 | 0.050670 | 0.051828 | 0.047560 | 0.053257 | 0.052029 | 0.056673 | 0.051035 | 0.056716 | 0.054928 | 0.052749 | 0.039828 ||
	||-------------------------------------------------------------------------------------------------------------------------------||
	|| {8}:  71969 => 70162 | 1128 | 0679 | 0000 ||
	||-------------------------------------------------------------------------------------------------------------------------------||
	|| {9}: [Value:  0.047781; Vertex:  0.026635 | 0.042130 | 0.029210 | 0.071220 | 0.026590 | 0.043416 | 0.055348 | 0.068994 | 0.001030 | 0.112675 | 0.005634 | 0.085407 | 0.100529 | 0.001127 | 0.053987 | 0.060438 | 0.060607 | 0.045881 | 0.015504 | 0.109466 | 0.080143 |-0.042118 | 0.183564 | 0.023571 | 0.170582 |-0.080959 | 0.178157 | 0.072426 |-0.087449 |-0.081794] ||
	|| {9}: Cumulative Yield Vertex:    0.026635 | 0.034378 | 0.032656 | 0.042223 | 0.039088 | 0.039810 | 0.042021 | 0.045371 | 0.040399 | 0.047528 | 0.043686 | 0.047128 | 0.051185 | 0.047561 | 0.047989 | 0.048764 | 0.049458 | 0.049259 | 0.047470 | 0.050524 | 0.051924 | 0.047544 | 0.053274 | 0.052028 | 0.056640 | 0.051159 | 0.055725 | 0.056319 | 0.051189 | 0.046602 ||
	||-------------------------------------------------------------------------------------------------------------------------------||
	|| {9}:  30332 => 29429 | 0226 | 0677 | 0000 ||
	||-------------------------------------------------------------------------------------------------------------------------------||
	|| {10}: [Value:  0.047714; Vertex:  0.026892 | 0.041885 | 0.029035 | 0.071674 | 0.025955 | 0.044068 | 0.055033 | 0.069191 | 0.001246 | 0.103568 | 0.015223 | 0.083695 | 0.102723 |-0.002571 | 0.058085 | 0.055588 | 0.064560 | 0.045260 | 0.014594 | 0.109572 | 0.081632 |-0.044368 | 0.186743 | 0.020776 | 0.171925 |-0.078696 | 0.164249 | 0.081544 |-0.081295 |-0.113341] ||
	|| {10}: Cumulative Yield Vertex:    0.026892 | 0.034385 | 0.032602 | 0.042294 | 0.039017 | 0.039860 | 0.042019 | 0.045393 | 0.040443 | 0.046681 | 0.043804 | 0.047096 | 0.051320 | 0.047415 | 0.048124 | 0.048590 | 0.049525 | 0.049287 | 0.047448 | 0.050508 | 0.051979 | 0.047489 | 0.053351 | 0.051984 | 0.056649 | 0.051260 | 0.055335 | 0.056265 | 0.051364 | 0.045638 ||
	||-------------------------------------------------------------------------------------------------------------------------------||
	|| {10}:  30330 => 29449 | 0226 | 0655 | 0000 ||
	||-------------------------------------------------------------------------------------------------------------------------------||
	|| {11}: [Value:  0.048262; Vertex:  0.028287 | 0.040136 | 0.029641 | 0.070911 | 0.026545 | 0.044661 | 0.054219 | 0.067855 | 0.003521 | 0.114975 | 0.001883 | 0.085744 | 0.102019 |-0.002244 | 0.058425 | 0.054263 | 0.063642 | 0.049025 | 0.011705 | 0.110972 | 0.081075 |-0.041914 | 0.176969 | 0.033450 | 0.154195 |-0.065959 | 0.168874 | 0.088113 |-0.115111 | 0.010180] ||
	|| {11}: Cumulative Yield Vertex:    0.028287 | 0.034211 | 0.032688 | 0.042171 | 0.039038 | 0.039976 | 0.042003 | 0.045214 | 0.040542 | 0.047880 | 0.043658 | 0.047130 | 0.051298 | 0.047419 | 0.048151 | 0.048532 | 0.049417 | 0.049395 | 0.047395 | 0.050526 | 0.051970 | 0.047598 | 0.053055 | 0.052235 | 0.056217 | 0.051368 | 0.055602 | 0.056753 | 0.050578 | 0.049216 ||
	||-------------------------------------------------------------------------------------------------------------------------------||
	|| {11}:  25995 => 25128 | 0157 | 0710 | 0000 ||
	||-------------------------------------------------------------------------------------------------------------------------------||
	|| {12}: [Value:  0.048097; Vertex:  0.027535 | 0.041390 | 0.028919 | 0.071492 | 0.026429 | 0.043356 | 0.055824 | 0.065566 | 0.009664 | 0.102313 | 0.010539 | 0.084064 | 0.100312 | 0.001918 | 0.053665 | 0.062608 | 0.057269 | 0.048994 | 0.011823 | 0.116666 | 0.070020 |-0.034204 | 0.174181 | 0.033659 | 0.160003 |-0.077351 | 0.208321 | 0.043073 |-0.093049 |-0.024258] ||
	|| {12}: Cumulative Yield Vertex:    0.027535 | 0.034461 | 0.032613 | 0.042258 | 0.039084 | 0.039797 | 0.042077 | 0.044996 | 0.041042 | 0.047100 | 0.043751 | 0.047078 | 0.051122 | 0.047561 | 0.047967 | 0.048878 | 0.049371 | 0.049350 | 0.047359 | 0.050767 | 0.051679 | 0.047687 | 0.053027 | 0.052217 | 0.056421 | 0.051097 | 0.056711 | 0.056223 | 0.050890 | 0.048334 ||
	||-------------------------------------------------------------------------------------------------------------------------------||
	|| {12}:  30638 => 29771 | 0206 | 0661 | 0000 ||
	||-------------------------------------------------------------------------------------------------------------------------------||
	|| {13}: [Value:  0.047250; Vertex:  0.027947 | 0.040425 | 0.029708 | 0.070732 | 0.027094 | 0.043297 | 0.055390 | 0.067601 | 0.004706 | 0.108474 | 0.007509 | 0.085463 | 0.100751 |-0.001065 | 0.058004 | 0.055030 | 0.064534 | 0.046268 | 0.013310 | 0.110522 | 0.082168 |-0.045021 | 0.185154 | 0.022718 | 0.172552 |-0.085578 | 0.214355 | 0.003657 |-0.011115 |-0.279471] ||
	|| {13}: Cumulative Yield Vertex:    0.027947 | 0.034185 | 0.032693 | 0.042130 | 0.039116 | 0.039813 | 0.042030 | 0.045206 | 0.040669 | 0.047363 | 0.043710 | 0.047155 | 0.051226 | 0.047439 | 0.048141 | 0.048571 | 0.049506 | 0.049325 | 0.047415 | 0.050523 | 0.052018 | 0.047495 | 0.053292 | 0.052010 | 0.056697 | 0.051023 | 0.056848 | 0.054925 | 0.052614 | 0.040550 ||
	||-------------------------------------------------------------------------------------------------------------------------------||
	|| {13}:  41235 => 40109 | 0482 | 0644 | 0000 ||
	||-------------------------------------------------------------------------------------------------------------------------------||
	|| {14}: [Value:  0.047214; Vertex:  0.026983 | 0.041567 | 0.029534 | 0.070813 | 0.027046 | 0.043014 | 0.055423 | 0.070333 |-0.002600 | 0.112397 | 0.008956 | 0.084451 | 0.100602 | 0.000896 | 0.054797 | 0.061280 | 0.056535 | 0.051204 | 0.011729 | 0.111484 | 0.079862 |-0.041881 | 0.181972 | 0.024775 | 0.170216 |-0.082776 | 0.207007 | 0.008234 |-0.005538 |-0.307818] ||
	|| {14}: Cumulative Yield Vertex:    0.026983 | 0.034272 | 0.032693 | 0.042150 | 0.039122 | 0.039771 | 0.041998 | 0.045516 | 0.040117 | 0.047246 | 0.043737 | 0.047097 | 0.051162 | 0.047523 | 0.048006 | 0.048833 | 0.049285 | 0.049392 | 0.047393 | 0.050549 | 0.051935 | 0.047566 | 0.053229 | 0.052037 | 0.056635 | 0.051079 | 0.056649 | 0.054901 | 0.052788 | 0.039585 ||
	||-------------------------------------------------------------------------------------------------------------------------------||
	|| {14}:  41852 => 40542 | 0564 | 0746 | 0000 ||
	||-------------------------------------------------------------------------------------------------------------------------------||
	|| {15}: [Value:  0.047439; Vertex:  0.027222 | 0.041162 | 0.029959 | 0.069889 | 0.027742 | 0.043368 | 0.054532 | 0.072198 |-0.006108 | 0.117584 | 0.005641 | 0.086246 | 0.095879 | 0.004401 | 0.057432 | 0.051361 | 0.069104 | 0.044956 | 0.013194 | 0.109478 | 0.081949 |-0.043375 | 0.183524 | 0.024449 | 0.172523 |-0.087343 | 0.211794 | 0.021820 |-0.042646 |-0.199117] ||
	|| {15}: Cumulative Yield Vertex:    0.027222 | 0.034190 | 0.032780 | 0.041988 | 0.039132 | 0.039839 | 0.041930 | 0.045687 | 0.039869 | 0.047525 | 0.043685 | 0.047196 | 0.050898 | 0.047534 | 0.048192 | 0.048390 | 0.049602 | 0.049343 | 0.047426 | 0.050483 | 0.051969 | 0.047527 | 0.053256 | 0.052049 | 0.056734 | 0.050985 | 0.056723 | 0.055467 | 0.052006 | 0.043078 ||
	||-------------------------------------------------------------------------------------------------------------------------------||
	|| {15}:  36510 => 35430 | 0392 | 0688 | 0000 ||
	||-------------------------------------------------------------------------------------------------------------------------------||
	|| {16}: [Value:  0.047271; Vertex:  0.027553 | 0.040965 | 0.029566 | 0.070902 | 0.026554 | 0.044751 | 0.053438 | 0.071566 |-0.003678 | 0.107782 | 0.014538 | 0.083468 | 0.103708 |-0.003540 | 0.057445 | 0.060473 | 0.055877 | 0.050969 | 0.013151 | 0.112024 | 0.078140 |-0.041934 | 0.185909 | 0.018857 | 0.178142 |-0.088856 | 0.211681 | 0.009082 |-0.015612 |-0.267556] ||
	|| {16}: Cumulative Yield Vertex:    0.027553 | 0.034257 | 0.032693 | 0.042173 | 0.039041 | 0.039993 | 0.041907 | 0.045588 | 0.040058 | 0.046744 | 0.043798 | 0.047072 | 0.051371 | 0.047392 | 0.048060 | 0.048833 | 0.049246 | 0.049342 | 0.047423 | 0.050603 | 0.051905 | 0.047535 | 0.053361 | 0.051913 | 0.056815 | 0.051001 | 0.056734 | 0.055014 | 0.052539 | 0.040949 ||
	||-------------------------------------------------------------------------------------------------------------------------------||
	|| {16}:  50553 => 49174 | 0694 | 0685 | 0000 ||
	||-------------------------------------------------------------------------------------------------------------------------------||
	|| {17}: [Value:  0.047912; Vertex:  0.027055 | 0.041535 | 0.029496 | 0.070328 | 0.027569 | 0.043420 | 0.055098 | 0.068965 | 0.000812 | 0.107041 | 0.011997 | 0.085140 | 0.100921 |-0.000996 | 0.056350 | 0.058592 | 0.060579 | 0.047674 | 0.013913 | 0.113371 | 0.073266 |-0.037340 | 0.178985 | 0.030386 | 0.154558 |-0.062259 | 0.141688 | 0.111196 |-0.100889 |-0.094860] ||
	|| {17}: Cumulative Yield Vertex:    0.027055 | 0.034292 | 0.032694 | 0.042031 | 0.039132 | 0.039847 | 0.042017 | 0.045364 | 0.040369 | 0.046952 | 0.043752 | 0.047167 | 0.051250 | 0.047466 | 0.048057 | 0.048713 | 0.049409 | 0.049312 | 0.047435 | 0.050680 | 0.051749 | 0.047605 | 0.053145 | 0.052192 | 0.056189 | 0.051493 | 0.054763 | 0.056751 | 0.051107 | 0.046055 ||
	||-------------------------------------------------------------------------------------------------------------------------------||
	|| {17}:  28482 => 27641 | 0175 | 0666 | 0000 ||
	||-------------------------------------------------------------------------------------------------------------------------------||
	|| {18}: [Value:  0.047278; Vertex:  0.027069 | 0.041379 | 0.029692 | 0.070859 | 0.026611 | 0.044485 | 0.054154 | 0.068368 | 0.003732 | 0.106276 | 0.010466 | 0.084794 | 0.104466 |-0.005674 | 0.058647 | 0.059076 | 0.058079 | 0.050537 | 0.010942 | 0.117188 | 0.070472 |-0.035650 | 0.179449 | 0.023894 | 0.175631 |-0.085569 | 0.195669 | 0.027877 |-0.025361 |-0.264558] ||
	|| {18}: Cumulative Yield Vertex:    0.027069 | 0.034221 | 0.032711 | 0.042176 | 0.039055 | 0.039961 | 0.041981 | 0.045258 | 0.040605 | 0.047091 | 0.043737 | 0.047125 | 0.051477 | 0.047333 | 0.048085 | 0.048769 | 0.049315 | 0.049383 | 0.047343 | 0.050778 | 0.051711 | 0.047649 | 0.053206 | 0.051977 | 0.056782 | 0.051105 | 0.056282 | 0.055261 | 0.052429 | 0.040961 ||
	||-------------------------------------------------------------------------------------------------------------------------------||
	|| {18}:  57854 => 56308 | 0870 | 0676 | 0000 ||
	||-------------------------------------------------------------------------------------------------------------------------------||
	|| {19}: [Value:  0.047236; Vertex:  0.027668 | 0.040766 | 0.029801 | 0.070280 | 0.027270 | 0.044018 | 0.054485 | 0.068609 | 0.002620 | 0.109390 | 0.008170 | 0.084844 | 0.101381 |-0.000686 | 0.055514 | 0.061151 | 0.056497 | 0.051303 | 0.011706 | 0.112760 | 0.078079 |-0.042769 | 0.185439 | 0.023668 | 0.162985 |-0.071972 | 0.186812 | 0.021335 |-0.000432 |-0.336136] ||
	|| {19}: Cumulative Yield Vertex:    0.027668 | 0.034216 | 0.032744 | 0.042057 | 0.039093 | 0.039914 | 0.041988 | 0.045294 | 0.040511 | 0.047310 | 0.043723 | 0.047116 | 0.051238 | 0.047477 | 0.048012 | 0.048830 | 0.049280 | 0.049392 | 0.047393 | 0.050610 | 0.051909 | 0.047499 | 0.053307 | 0.052065 | 0.056387 | 0.051286 | 0.056149 | 0.054896 | 0.052964 | 0.038605 ||
	||-------------------------------------------------------------------------------------------------------------------------------||
	|| {19}:  61635 => 60093 | 0909 | 0633 | 0000 ||
	||-------------------------------------------------------------------------------------------------------------------------------||

	|-----------------------------------------------------------------|
	|    Copyright (C) 2011-2026 (DRIP, DROP)
	|-----------------------------------------------------------------|
	|    Build Version  => 8.01.0 multi
	|    Build JVM (TM) => 15.0.1+9-18 mixed mode, sharing
	|    Build Snap     => Sat Sep 26 23:09:04 EST 2026
	|    Start Time     => Wed Sep 30 20:39:53 EDT 2026
	|    Setup Time     => Wed Sep 30 20:39:54 EDT 2026
	|    Finish Time    => Wed Sep 30 22:29:46 EDT 2026
	|    Setup Duration => 753 ms
	|    Run Duration   => 1 h 49 m 52 s 97 ms
	|-----------------------------------------------------------------|

