
	|-----------------------------------------------------------------|
	|    Copyright (C) 2011-2026 (DRIP, DROP)
	|-----------------------------------------------------------------|
	|    Build Version  => 8.01.0 multi
	|    Build JVM (TM) => 15.0.1+9-18 mixed mode, sharing
	|    Build Snap     => Sat Sep 26 23:09:04 EST 2026
	|    Start Time     => Thu Oct 01 20:40:26 EDT 2026
	|    Setup Time     => Thu Oct 01 20:40:27 EDT 2026
	|    Setup Duration => 762 ms
	|-----------------------------------------------------------------|

	||--------------------------------------------------||
	|| Multi-Bond Curve Calibrator => Multi-Bond Least-squares Function: {25-SEP-2026, USD, UST} {Pillar Dates: 25-SEP-2027, 25-SEP-2028, 25-SEP-2029, 25-SEP-2030, 25-SEP-2031, 25-SEP-2032, 25-SEP-2033, 25-SEP-2034, 25-SEP-2035, 25-SEP-2036, 25-SEP-2037, 25-SEP-2038, 25-SEP-2039, 25-SEP-2040, 25-SEP-2041, 25-SEP-2042, 25-SEP-2043, 25-SEP-2044, 25-SEP-2045, 25-SEP-2046, 25-SEP-2047, 25-SEP-2048, 25-SEP-2049, 25-SEP-2050, 25-SEP-2051, 25-SEP-2052, 25-SEP-2053, 25-SEP-2054, 25-SEP-2055, 25-SEP-2056, };
Calibration Components:
	[1 4.00 15-FEB-2029] => 099.908 | 01.00]
	[2 5.00 01-AUG-2029] => 102.160 | 01.00]
	[3 5.00 15-OCT-2029] => 103.519 | 01.00]
	[4 5.00 15-FEB-2030] => 102.500 | 01.00]
	[5 5.00 15-FEB-2029] => 103.139 | 01.00]
	[6 4.00 01-MAR-2029] => 100.997 | 01.00]
	[7 5.00 01-DEC-2029] => 103.406 | 01.00]
	[8 4.00 01-NOV-2029] => 102.299 | 01.00]
	[9 5.00 15-FEB-2030] => 102.717 | 01.00]
	[10 5.00 01-OCT-2028] => 102.911 | 01.00]
	[11 5.00 01-DEC-2028] => 101.912 | 01.00]
	[12 5.00 15-FEB-2029] => 102.520 | 01.00]
	[13 5.00 01-DEC-2028] => 102.300 | 01.00]
	[14 5.00 01-DEC-2029] => 101.390 | 01.00]
	[15 5.25 01-FEB-2028] => 101.685 | 01.00]
	[16 4.00 01-SEP-2027] => 101.458 | 01.00]
	[17 5.00 01-OCT-2029] => 104.180 | 01.00]
	[18 5.00 01-SEP-2028] => 102.138 | 01.00]
	[19 5.00 01-OCT-2028] => 101.613 | 01.00]
	[20 5.00 15-FEB-2028] => 101.566 | 01.00]
	[21 4.00 15-FEB-2029] => 099.308 | 01.00]
	[22 5.00 01-AUG-2029] => 102.160 | 01.00]
	[23 5.00 01-DEC-2031] => 102.393 | 01.00]
	[24 5.00 15-JUL-2030] => 101.789 | 01.00]
	[25 5.00 15-OCT-2029] => 103.519 | 01.00]
	[26 5.00 15-JUN-2031] => 102.508 | 01.00]
	[27 5.00 15-FEB-2030] => 102.500 | 01.00]
	[28 5.00 01-DEC-2031] => 104.367 | 01.00]
	[29 5.00 15-SEP-2031] => 103.830 | 01.00]
	[30 5.00 01-DEC-2031] => 104.428 | 01.00]
	[31 5.00 15-FEB-2029] => 103.139 | 01.00]
	[32 4.00 15-FEB-2031] => 100.930 | 01.00]
	[33 5.00 15-FEB-2031] => 102.911 | 01.00]
	[34 4.00 01-MAR-2029] => 100.997 | 01.00]
	[35 5.00 01-DEC-2029] => 103.406 | 01.00]
	[36 5.00 15-AUG-2031] => 104.846 | 01.00]
	[37 5.00 01-AUG-2031] => 102.660 | 01.00]
	[38 4.00 01-NOV-2029] => 102.299 | 01.00]
	[39 5.00 15-FEB-2030] => 102.717 | 01.00]
	[40 5.00 15-NOV-2030] => 101.733 | 01.00]
	[41 5.00 15-FEB-2033] => 104.480 | 01.00]
	[42 5.00 01-DEC-2031] => 102.393 | 01.00]
	[43 5.00 01-SEP-2033] => 106.315 | 01.00]
	[44 5.00 15-JUL-2030] => 101.789 | 01.00]
	[45 5.00 01-AUG-2033] => 106.279 | 01.00]
	[46 3.00 01-AUG-2033] => 091.858 | 01.00]
	[47 5.00 15-FEB-2033] => 104.370 | 01.00]
	[48 5.00 15-JUN-2031] => 102.508 | 01.00]
	[49 4.00 01-DEC-2033] => 096.755 | 01.00]
	[50 5.00 01-DEC-2031] => 104.367 | 01.00]
	[51 5.00 15-SEP-2031] => 103.830 | 01.00]
	[52 5.00 01-DEC-2031] => 104.428 | 01.00]
	[53 3.00 01-AUG-2033] => 090.860 | 01.00]
	[54 5.00 01-AUG-2032] => 104.339 | 01.00]
	[55 5.00 01-JUN-2032] => 104.219 | 01.00]
	[56 4.00 01-DEC-2033] => 097.556 | 01.00]
	[57 4.00 15-FEB-2031] => 100.930 | 01.00]
	[58 5.00 01-DEC-2033] => 100.840 | 01.00]
	[59 5.00 01-AUG-2032] => 104.178 | 01.00]
	[60 5.00 01-MAR-2032] => 104.380 | 01.00]
	[61 5.00 01-FEB-2038] => 101.599 | 01.00]
	[62 5.00 01-APR-2034] => 101.605 | 01.00]
	[63 5.00 01-DEC-2034] => 102.507 | 01.00]
	[64 5.00 15-FEB-2037] => 101.913 | 01.00]
	[65 5.00 01-FEB-2035] => 102.910 | 01.00]
	[66 5.00 15-FEB-2035] => 104.250 | 01.00]
	[67 4.00 15-AUG-2037] => 099.777 | 01.00]
	[68 4.00 15-AUG-2037] => 099.777 | 01.00]
	[69 5.00 01-MAR-2035] => 104.901 | 01.00]
	[70 5.00 01-FEB-2035] => 102.229 | 01.00]
	[71 5.00 15-FEB-2035] => 104.000 | 01.00]
	[72 5.00 01-JUN-2035] => 104.793 | 01.00]
	[73 5.00 01-AUG-2037] => 103.608 | 01.00]
	[74 5.00 01-JUL-2037] => 104.596 | 01.00]
	[75 5.00 01-FEB-2035] => 104.502 | 01.00]
	[76 4.00 15-FEB-2038] => 094.301 | 01.00]
	[77 5.00 01-OCT-2037] => 103.848 | 01.00]
	[78 5.00 01-AUG-2037] => 101.030 | 01.00]
	[79 5.00 01-AUG-2034] => 103.580 | 01.00]
	[80 5.00 15-AUG-2038] => 101.825 | 01.00]
	[81 5.00 01-FEB-2038] => 101.599 | 01.00]
	[82 4.00 15-AUG-2037] => 099.777 | 01.00]
	[83 5.00 01-JUL-2040] => 099.500 | 01.00]
	[84 5.00 15-FEB-2042] => 100.098 | 01.00]
	[85 5.00 01-JUL-2040] => 102.153 | 01.00]
	[86 5.00 01-AUG-2037] => 103.608 | 01.00]
	[87 5.00 01-JUL-2037] => 104.596 | 01.00]
	[88 4.00 01-DEC-2039] => 085.921 | 01.00]
	[89 5.00 15-JUN-2041] => 100.404 | 01.00]
	[90 4.00 15-FEB-2038] => 094.301 | 01.00]
	[91 5.00 01-OCT-2037] => 103.848 | 01.00]
	[92 5.00 01-AUG-2037] => 101.030 | 01.00]
	[93 5.00 15-AUG-2038] => 101.825 | 01.00]
	[94 4.00 01-DEC-2037] => 091.511 | 01.00]
	[95 5.00 01-DEC-2039] => 100.105 | 01.00]
	[96 5.00 01-DEC-2041] => 100.679 | 01.00]
	[97 5.00 15-FEB-2042] => 101.206 | 01.00]
	[98 5.00 15-FEB-2041] => 101.307 | 01.00]
	[99 5.00 01-OCT-2038] => 103.807 | 01.00]
	[100 5.00 15-DEC-2041] => 102.546 | 01.00]
	[101 4.00 01-FEB-2043] => 087.590 | 01.00]
	[102 5.00 01-JUL-2040] => 099.500 | 01.00]
	[103 5.00 15-FEB-2042] => 100.098 | 01.00]
	[104 5.00 01-JUL-2040] => 102.153 | 01.00]
	[105 4.00 15-FEB-2044] => 086.216 | 01.00]
	[106 5.00 15-JUN-2041] => 100.404 | 01.00]
	[107 3.12 15-AUG-2044] => 074.209 | 01.00]
	[108 5.25 15-JUN-2044] => 103.386 | 01.00]
	[109 4.00 01-OCT-2044] => 090.202 | 01.00]
	[110 5.00 01-DEC-2041] => 100.679 | 01.00]
	[111 5.00 01-AUG-2042] => 101.398 | 01.00]
	[112 5.00 15-FEB-2042] => 101.206 | 01.00]
	[113 5.00 15-FEB-2041] => 101.307 | 01.00]
	[114 5.00 15-DEC-2041] => 102.546 | 01.00]
	[115 5.00 01-APR-2043] => 098.596 | 01.00]
	[116 4.00 01-AUG-2043] => 091.366 | 01.00]
	[117 5.25 01-DEC-2040] => 103.561 | 01.00]
	[118 4.00 01-AUG-2041] => 089.275 | 01.00]
	[119 5.00 01-AUG-2044] => 100.962 | 01.00]
	[120 4.00 01-AUG-2046] => 086.847 | 01.00]
	[121 5.00 15-FEB-2048] => 099.994 | 01.00]
	[122 4.00 15-JUN-2049] => 080.650 | 01.00]
	[123 4.00 01-AUG-2046] => 086.847 | 01.00]
	[124 4.00 01-APR-2045] => 084.923 | 01.00]
	[125 4.00 01-AUG-2047] => 082.634 | 01.00]
	[126 4.00 01-JUN-2047] => 085.130 | 01.00]
	[127 5.00 01-APR-2048] => 100.144 | 01.00]
	[128 5.00 01-SEP-2045] => 102.435 | 01.00]
	[129 5.00 01-OCT-2048] => 100.701 | 01.00]
	[130 4.00 01-OCT-2045] => 090.679 | 01.00]
	[131 5.00 15-SEP-2045] => 099.835 | 01.00]
	[132 5.00 01-FEB-2046] => 102.589 | 01.00]
	[133 4.00 01-FEB-2047] => 084.149 | 01.00]
	[134 5.00 01-FEB-2052] => 093.173 | 01.00]
	[135 4.62 15-JUN-2045] => 100.419 | 01.00]
	[136 5.00 01-JUL-2045] => 100.733 | 01.00]
	[137 5.00 15-FEB-2049] => 102.120 | 01.00]
	[138 5.00 15-AUG-2049] => 098.927 | 01.00]
	[139 5.00 15-SEP-2048] => 099.268 | 01.00]
	[140 5.25 15-FEB-2049] => 105.177 | 01.00]
	[141 5.00 15-MAR-2050] => 096.043 | 01.00]
	[142 5.25 15-MAR-2050] => 094.408 | 01.00]
	[143 5.00 15-JUN-2050] => 095.368 | 01.00]
	[144 5.00 01-DEC-2055] => 093.455 | 01.00]
	[145 5.00 15-FEB-2051] => 094.711 | 01.00]
	[146 5.00 15-FEB-2051] => 098.621 | 01.00]
	[147 4.25 01-FEB-2054] => 080.086 | 01.00]
	[148 5.25 01-FEB-2053] => 096.535 | 01.00]
	[149 5.00 01-AUG-2052] => 095.798 | 01.00]
	[150 5.25 01-DEC-2054] => 094.668 | 01.00]
	[151 4.50 15-MAY-2052] => 084.838 | 01.00]
	[152 5.00 01-JUN-2055] => 094.722 | 01.00]
	[153 5.25 01-AUG-2050] => 100.836 | 01.00]
	[154 5.25 15-JUN-2055] => 097.958 | 01.00]
	[155 5.00 01-DEC-2052] => 100.367 | 01.00]
	[156 4.50 15-AUG-2050] => 088.758 | 01.00]
	[157 4.25 01-AUG-2052] => 084.874 | 01.00]
	[158 4.00 01-JUN-2051] => 076.770 | 01.00]
	[159 5.00 15-MAR-2055] => 094.590 | 01.00]
	[160 5.00 01-JAN-2056] => 103.206 | 01.00]
	||  {Vertex Count => 40 | Lower Search Bound => 0.01 | Upper Search Bound => 0.09 | Incorporate Centroid => false | Tolerance => 1.e-7}
	||--------------------------------------------------||

	||-------------------------------------------------------------------------------------------------------------------------------||
	|| {0}: [Value:  0.000736; Vertex:  0.028043 | 0.051825 | 0.031940 | 0.066983 | 0.027766 | 0.044304 | 0.051882 | 0.077383 |-0.012196 | 0.082980 | 0.049509 | 0.080592 | 0.095589 | 0.012158 | 0.043984 | 0.097269 |-0.025147 | 0.095994 | 0.029088 | 0.109216 | 0.064459 |-0.011119 | 0.144148 | 0.027091 | 0.095995 | 0.056089 | 0.062454 | 0.059470 | 0.012602 | 0.031505] ||
	|| {0}: Cumulative Yield Vertex:    0.028043 | 0.039916 | 0.037256 | 0.044642 | 0.041258 | 0.041766 | 0.043207 | 0.047445 | 0.040735 | 0.044929 | 0.045344 | 0.048257 | 0.051857 | 0.048990 | 0.048656 | 0.051659 | 0.047063 | 0.049756 | 0.048664 | 0.051648 | 0.052256 | 0.049326 | 0.053357 | 0.052257 | 0.053987 | 0.054068 | 0.054378 | 0.054560 | 0.053099 | 0.052374 ||
	||-------------------------------------------------------------------------------------------------------------------------------||
	|| {0}:  04399 => 03910 | 0096 | 0393 | 0000 ||
	||-------------------------------------------------------------------------------------------------------------------------------||
	|| {1}: [Value:  0.000731; Vertex:  0.027999 | 0.051865 | 0.032320 | 0.064800 | 0.030953 | 0.040619 | 0.057222 | 0.064116 | 0.016670 | 0.097314 | 0.008391 | 0.101040 | 0.075869 | 0.017654 | 0.043015 | 0.087661 | 0.019088 | 0.073091 | 0.021573 | 0.087208 | 0.063815 | 0.016743 | 0.069725 | 0.157213 | 0.071792 |-0.005230 | 0.098486 | 0.075175 |-0.049920 | 0.009889] ||
	|| {1}: Cumulative Yield Vertex:    0.027999 | 0.039913 | 0.037381 | 0.044197 | 0.041543 | 0.041388 | 0.043641 | 0.046188 | 0.042889 | 0.048277 | 0.044622 | 0.049262 | 0.051295 | 0.048869 | 0.048478 | 0.050904 | 0.049020 | 0.050352 | 0.048828 | 0.050729 | 0.051350 | 0.049761 | 0.050624 | 0.054956 | 0.055626 | 0.053247 | 0.054903 | 0.055624 | 0.051893 | 0.050476 ||
	||-------------------------------------------------------------------------------------------------------------------------------||
	|| {1}:  02965 => 02471 | 0098 | 0396 | 0000 ||
	||-------------------------------------------------------------------------------------------------------------------------------||
	|| {2}: [Value:  0.000747; Vertex:  0.028132 | 0.052011 | 0.031372 | 0.067244 | 0.028243 | 0.041948 | 0.054560 | 0.069789 | 0.007661 | 0.046315 | 0.079782 | 0.065334 | 0.106581 |-0.003473 | 0.077976 | 0.029663 | 0.101011 | 0.013515 | 0.030788 | 0.081324 | 0.082585 | 0.005475 | 0.093022 | 0.098668 | 0.090597 | 0.048055 | 0.031017 | 0.012166 | 0.077628 | 0.005988] ||
	|| {2}: Cumulative Yield Vertex:    0.028132 | 0.040053 | 0.037158 | 0.044633 | 0.041346 | 0.041447 | 0.043313 | 0.046602 | 0.042241 | 0.042649 | 0.045994 | 0.047598 | 0.052073 | 0.048047 | 0.050027 | 0.048749 | 0.051785 | 0.049636 | 0.048640 | 0.050261 | 0.051788 | 0.049655 | 0.051521 | 0.053463 | 0.054934 | 0.054669 | 0.053788 | 0.052288 | 0.053156 | 0.051563 ||
	||-------------------------------------------------------------------------------------------------------------------------------||
	|| {2}:  03099 => 02618 | 0094 | 0387 | 0000 ||
	||-------------------------------------------------------------------------------------------------------------------------------||
	|| {3}: [Value:  0.000739; Vertex:  0.028311 | 0.051613 | 0.031677 | 0.067180 | 0.028217 | 0.042145 | 0.055166 | 0.072838 | 0.000272 | 0.067058 | 0.057536 | 0.061903 | 0.117962 | 0.011902 | 0.042651 | 0.045795 | 0.112357 | 0.010966 | 0.019326 | 0.117303 | 0.046320 | 0.005118 | 0.155501 | 0.003656 | 0.158742 | 0.005266 | 0.008498 | 0.085641 | 0.037931 | 0.030094] ||
	|| {3}: Cumulative Yield Vertex:    0.028311 | 0.039945 | 0.037188 | 0.044640 | 0.041346 | 0.041480 | 0.043428 | 0.047079 | 0.041827 | 0.044341 | 0.045537 | 0.046894 | 0.052272 | 0.049356 | 0.048909 | 0.048714 | 0.052402 | 0.050073 | 0.048444 | 0.051831 | 0.051569 | 0.049430 | 0.053928 | 0.051810 | 0.055981 | 0.054003 | 0.052300 | 0.053481 | 0.052943 | 0.052176 ||
	||-------------------------------------------------------------------------------------------------------------------------------||
	|| {3}:  02933 => 02522 | 0061 | 0350 | 0000 ||
	||-------------------------------------------------------------------------------------------------------------------------------||
	|| {4}: [Value:  0.000751; Vertex:  0.028272 | 0.051557 | 0.032039 | 0.066572 | 0.028762 | 0.042564 | 0.054323 | 0.069118 | 0.007010 | 0.092238 | 0.023572 | 0.090152 | 0.082256 | 0.022215 | 0.046726 | 0.053872 | 0.075870 | 0.020043 | 0.064308 | 0.059792 | 0.042350 | 0.028910 | 0.135415 | 0.077592 | 0.069712 | 0.060378 | 0.012115 | 0.044787 | 0.072913 | 0.082955] ||
	|| {4}: Cumulative Yield Vertex:    0.028272 | 0.039897 | 0.037277 | 0.044556 | 0.041389 | 0.041585 | 0.043399 | 0.046594 | 0.042160 | 0.047123 | 0.044972 | 0.048697 | 0.051258 | 0.049165 | 0.049003 | 0.049306 | 0.050859 | 0.049131 | 0.049926 | 0.050418 | 0.050034 | 0.049067 | 0.052745 | 0.053773 | 0.054408 | 0.054638 | 0.053048 | 0.052753 | 0.053444 | 0.054423 ||
	||-------------------------------------------------------------------------------------------------------------------------------||
	|| {4}:  02627 => 02214 | 0060 | 0353 | 0000 ||
	||-------------------------------------------------------------------------------------------------------------------------------||
	|| {5}: [Value:  0.000742; Vertex:  0.028198 | 0.051985 | 0.031309 | 0.067656 | 0.027753 | 0.043190 | 0.054864 | 0.065895 | 0.011270 | 0.056968 | 0.062538 | 0.082074 | 0.065785 | 0.053333 | 0.018891 | 0.091867 | 0.057519 | 0.017516 | 0.041285 | 0.105838 | 0.040152 | 0.017265 | 0.107754 | 0.090373 | 0.089926 | 0.022653 | 0.009981 | 0.137628 | 0.001499 |-0.005641] ||
	|| {5}: Cumulative Yield Vertex:    0.028198 | 0.040073 | 0.037150 | 0.044729 | 0.041324 | 0.041636 | 0.043519 | 0.046301 | 0.042381 | 0.043838 | 0.045529 | 0.048548 | 0.049868 | 0.050116 | 0.048021 | 0.050732 | 0.051130 | 0.049245 | 0.048825 | 0.051637 | 0.051089 | 0.049536 | 0.052032 | 0.053614 | 0.055054 | 0.053795 | 0.052157 | 0.055148 | 0.053275 | 0.051280 ||
	||-------------------------------------------------------------------------------------------------------------------------------||
	|| {5}:  02594 => 02199 | 0052 | 0343 | 0000 ||
	||-------------------------------------------------------------------------------------------------------------------------------||
	|| {6}: [Value:  0.000759; Vertex:  0.028167 | 0.051850 | 0.031550 | 0.067514 | 0.027540 | 0.044426 | 0.053665 | 0.066837 | 0.010977 | 0.061295 | 0.058708 | 0.070857 | 0.093674 | 0.028130 | 0.034978 | 0.075998 | 0.047570 | 0.037165 | 0.046612 | 0.056381 | 0.063413 | 0.077061 | 0.035783 | 0.117614 | 0.093591 | 0.028146 | 0.046501 | 0.042758 | 0.067165 | 0.041605] ||
	|| {6}: Cumulative Yield Vertex:    0.028167 | 0.039990 | 0.037176 | 0.044713 | 0.041269 | 0.041796 | 0.043486 | 0.046388 | 0.042425 | 0.044308 | 0.045612 | 0.047703 | 0.051201 | 0.049541 | 0.048567 | 0.050270 | 0.050111 | 0.049388 | 0.049242 | 0.049598 | 0.050254 | 0.051467 | 0.050783 | 0.053523 | 0.055110 | 0.054064 | 0.053784 | 0.053389 | 0.053863 | 0.053452 ||
	||-------------------------------------------------------------------------------------------------------------------------------||
	|| {6}:  02574 => 02191 | 0045 | 0338 | 0000 ||
	||-------------------------------------------------------------------------------------------------------------------------------||
	|| {7}: [Value:  0.000738; Vertex:  0.028107 | 0.052268 | 0.030940 | 0.067691 | 0.028769 | 0.041551 | 0.055207 | 0.064528 | 0.013970 | 0.087867 | 0.026841 | 0.087914 | 0.074454 | 0.016499 | 0.072035 | 0.036278 | 0.067765 | 0.059754 | 0.014147 | 0.044557 | 0.141288 | 0.001387 | 0.083400 | 0.116355 | 0.076808 |-0.001830 | 0.105640 | 0.043530 |-0.022100 | 0.025529] ||
	|| {7}: Cumulative Yield Vertex:    0.028107 | 0.040168 | 0.037090 | 0.044693 | 0.041500 | 0.041508 | 0.043458 | 0.046078 | 0.042488 | 0.046990 | 0.045151 | 0.048678 | 0.050648 | 0.048185 | 0.049766 | 0.048921 | 0.050024 | 0.050564 | 0.048632 | 0.048429 | 0.052755 | 0.050387 | 0.051810 | 0.054458 | 0.055347 | 0.053113 | 0.055034 | 0.054622 | 0.051930 | 0.051042 ||
	||-------------------------------------------------------------------------------------------------------------------------------||
	|| {7}:  02977 => 02482 | 0095 | 0400 | 0000 ||
	||-------------------------------------------------------------------------------------------------------------------------------||
	|| {8}: [Value:  0.000761; Vertex:  0.028164 | 0.052024 | 0.031266 | 0.067503 | 0.027576 | 0.047197 | 0.048048 | 0.066432 | 0.026645 | 0.059125 | 0.041831 | 0.093804 | 0.064439 | 0.043562 | 0.037898 | 0.064895 | 0.035787 | 0.047046 | 0.055470 | 0.084708 | 0.044127 | 0.045461 | 0.097551 | 0.064842 | 0.071378 | 0.052740 | 0.039293 | 0.064533 | 0.055022 | 0.076636] ||
	|| {8}: Cumulative Yield Vertex:    0.028164 | 0.040075 | 0.037137 | 0.044681 | 0.041251 | 0.042243 | 0.043070 | 0.045974 | 0.043818 | 0.045347 | 0.045027 | 0.049045 | 0.050225 | 0.049747 | 0.048956 | 0.049948 | 0.049112 | 0.048997 | 0.049337 | 0.051090 | 0.050758 | 0.050517 | 0.052538 | 0.053049 | 0.053779 | 0.053739 | 0.053202 | 0.053605 | 0.053654 | 0.054418 ||
	||-------------------------------------------------------------------------------------------------------------------------------||
	|| {8}:  02197 => 01794 | 0051 | 0352 | 0000 ||
	||-------------------------------------------------------------------------------------------------------------------------------||
	|| {9}: [Value:  0.000762; Vertex:  0.028264 | 0.051819 | 0.031624 | 0.066824 | 0.028276 | 0.044266 | 0.050699 | 0.065417 | 0.028185 | 0.056106 | 0.044535 | 0.095082 | 0.070978 | 0.031124 | 0.033885 | 0.079462 | 0.062064 | 0.036144 | 0.022923 | 0.085295 | 0.040072 | 0.070390 | 0.089980 | 0.080591 | 0.036666 | 0.076452 | 0.003964 | 0.084258 | 0.051738 | 0.063573] ||
	|| {9}: Cumulative Yield Vertex:    0.028264 | 0.040024 | 0.037222 | 0.044578 | 0.041309 | 0.041802 | 0.043070 | 0.045848 | 0.043879 | 0.045101 | 0.045049 | 0.049170 | 0.050838 | 0.049421 | 0.048382 | 0.050310 | 0.050999 | 0.050169 | 0.048727 | 0.050539 | 0.050040 | 0.050962 | 0.052642 | 0.053798 | 0.053111 | 0.054005 | 0.052131 | 0.053269 | 0.053217 | 0.053562 ||
	||-------------------------------------------------------------------------------------------------------------------------------||
	|| {9}:  03140 => 02683 | 0078 | 0379 | 0000 ||
	||-------------------------------------------------------------------------------------------------------------------------------||
	|| {10}: [Value:  0.000745; Vertex:  0.027982 | 0.052068 | 0.031825 | 0.066441 | 0.028914 | 0.041621 | 0.055619 | 0.069556 | 0.006146 | 0.073048 | 0.045919 | 0.090313 | 0.079416 | 0.015837 | 0.054282 | 0.052267 | 0.063718 | 0.059709 | 0.000599 | 0.081354 | 0.069949 | 0.056151 | 0.070995 | 0.100322 | 0.080975 | 0.025976 | 0.059614 | 0.022307 | 0.079030 | 0.034803] ||
	|| {10}: Cumulative Yield Vertex:    0.027982 | 0.040006 | 0.037278 | 0.044525 | 0.041395 | 0.041432 | 0.043451 | 0.046694 | 0.042151 | 0.045226 | 0.045289 | 0.049001 | 0.051323 | 0.048763 | 0.049130 | 0.049326 | 0.050169 | 0.050699 | 0.048033 | 0.049685 | 0.050645 | 0.050896 | 0.051765 | 0.053764 | 0.054845 | 0.053725 | 0.053943 | 0.052805 | 0.053703 | 0.053069 ||
	||-------------------------------------------------------------------------------------------------------------------------------||
	|| {10}:  03652 => 03214 | 0074 | 0364 | 0000 ||
	||-------------------------------------------------------------------------------------------------------------------------------||
	|| {11}: [Value:  0.000748; Vertex:  0.027917 | 0.052093 | 0.031800 | 0.066579 | 0.029464 | 0.040164 | 0.056844 | 0.068644 | 0.005623 | 0.084415 | 0.035921 | 0.074952 | 0.091640 | 0.033123 | 0.029020 | 0.069428 | 0.072156 | 0.035114 | 0.020318 | 0.083875 | 0.057533 | 0.059674 | 0.077323 | 0.067372 | 0.082253 | 0.026907 | 0.069286 | 0.073348 | 0.056267 | 0.061580] ||
	|| {11}: Cumulative Yield Vertex:    0.027917 | 0.039986 | 0.037256 | 0.044543 | 0.041520 | 0.041293 | 0.043506 | 0.046629 | 0.042035 | 0.046242 | 0.045302 | 0.047755 | 0.051096 | 0.049804 | 0.048413 | 0.049719 | 0.051031 | 0.050142 | 0.048563 | 0.050313 | 0.050656 | 0.051066 | 0.052199 | 0.052829 | 0.053997 | 0.052946 | 0.053549 | 0.054252 | 0.054322 | 0.054564 ||
	||-------------------------------------------------------------------------------------------------------------------------------||
	|| {11}:  02342 => 01956 | 0046 | 0340 | 0000 ||
	||-------------------------------------------------------------------------------------------------------------------------------||
	|| {12}: [Value:  0.000740; Vertex:  0.028262 | 0.051817 | 0.031827 | 0.066914 | 0.027462 | 0.043167 | 0.057639 | 0.060937 | 0.014814 | 0.092848 | 0.021082 | 0.079095 | 0.103401 | 0.019103 | 0.031294 | 0.074599 | 0.041436 | 0.073416 |-0.000172 | 0.112598 | 0.055975 | 0.026375 | 0.082263 | 0.082587 | 0.064997 | 0.035041 | 0.117724 | 0.022140 | 0.061771 | 0.061178] ||
	|| {12}: Cumulative Yield Vertex:    0.028262 | 0.040022 | 0.037289 | 0.044650 | 0.041203 | 0.041531 | 0.043822 | 0.045952 | 0.042471 | 0.047463 | 0.045053 | 0.047866 | 0.052083 | 0.049705 | 0.048473 | 0.050095 | 0.049585 | 0.050904 | 0.048186 | 0.051357 | 0.051577 | 0.050422 | 0.051795 | 0.053068 | 0.053544 | 0.052828 | 0.055194 | 0.054005 | 0.054272 | 0.054502 ||
	||-------------------------------------------------------------------------------------------------------------------------------||
	|| {12}:  02729 => 02300 | 0065 | 0364 | 0000 ||
	||-------------------------------------------------------------------------------------------------------------------------------||
	|| {13}: [Value:  0.000732; Vertex:  0.028222 | 0.051630 | 0.032146 | 0.065026 | 0.031381 | 0.038722 | 0.056902 | 0.076869 |-0.011213 | 0.107805 | 0.017381 | 0.087206 | 0.102947 |-0.007651 | 0.071959 | 0.051414 | 0.073818 | 0.011483 | 0.054725 | 0.083075 | 0.041696 | 0.034853 | 0.088581 | 0.113777 | 0.088114 |-0.006140 | 0.071387 | 0.089512 | 0.003480 | 0.057514] ||
	|| {13}: Cumulative Yield Vertex:    0.028222 | 0.039908 | 0.037320 | 0.044207 | 0.041637 | 0.041150 | 0.043391 | 0.047543 | 0.040934 | 0.047537 | 0.044779 | 0.048279 | 0.052431 | 0.048071 | 0.049654 | 0.049764 | 0.051170 | 0.048940 | 0.049244 | 0.050921 | 0.050482 | 0.049767 | 0.051438 | 0.053997 | 0.055350 | 0.052946 | 0.053625 | 0.054895 | 0.053102 | 0.053249 ||
	||-------------------------------------------------------------------------------------------------------------------------------||
	|| {13}:  02777 => 02350 | 0061 | 0366 | 0000 ||
	||-------------------------------------------------------------------------------------------------------------------------------||
	|| {14}: [Value:  0.000736; Vertex:  0.028122 | 0.051957 | 0.031525 | 0.067677 | 0.027490 | 0.041742 | 0.057465 | 0.062710 | 0.018091 | 0.068448 | 0.044317 | 0.078502 | 0.108566 | 0.001191 | 0.039300 | 0.074592 | 0.071761 | 0.026789 | 0.025053 | 0.118066 | 0.036057 | 0.014318 | 0.136731 | 0.049327 | 0.038516 | 0.107779 | 0.051884 | 0.053963 | 0.003671 | 0.063398] ||
	|| {14}: Cumulative Yield Vertex:    0.028122 | 0.040021 | 0.037187 | 0.044762 | 0.041298 | 0.041372 | 0.043661 | 0.046031 | 0.042910 | 0.045454 | 0.045351 | 0.048091 | 0.052678 | 0.048950 | 0.048305 | 0.049937 | 0.051214 | 0.049847 | 0.048535 | 0.051954 | 0.051195 | 0.049501 | 0.053216 | 0.053054 | 0.052471 | 0.054575 | 0.054475 | 0.054457 | 0.052686 | 0.053043 ||
	||-------------------------------------------------------------------------------------------------------------------------------||
	|| {14}:  02121 => 01730 | 0049 | 0342 | 0000 ||
	||-------------------------------------------------------------------------------------------------------------------------------||
	|| {15}: [Value:  0.000753; Vertex:  0.028364 | 0.051357 | 0.032621 | 0.064980 | 0.030066 | 0.041183 | 0.056897 | 0.064755 | 0.016343 | 0.045864 | 0.066729 | 0.096117 | 0.055089 | 0.046246 | 0.036455 | 0.056803 | 0.068071 | 0.034743 | 0.040405 | 0.078073 | 0.072993 | 0.028854 | 0.094744 | 0.076464 | 0.125830 |-0.014325 | 0.068073 | 0.027588 | 0.024910 | 0.077909] ||
	|| {15}: Cumulative Yield Vertex:    0.028364 | 0.039843 | 0.037435 | 0.044282 | 0.041432 | 0.041391 | 0.043597 | 0.046228 | 0.042888 | 0.043186 | 0.045313 | 0.049497 | 0.049926 | 0.049663 | 0.048780 | 0.049280 | 0.050380 | 0.049506 | 0.049027 | 0.050468 | 0.051535 | 0.050496 | 0.052399 | 0.053396 | 0.056243 | 0.053478 | 0.054016 | 0.053067 | 0.052090 | 0.052947 ||
	||-------------------------------------------------------------------------------------------------------------------------------||
	|| {15}:  02619 => 02200 | 0063 | 0356 | 0000 ||
	||-------------------------------------------------------------------------------------------------------------------------------||
	|| {16}: [Value:  0.000740; Vertex:  0.028093 | 0.051886 | 0.031770 | 0.067567 | 0.026492 | 0.046439 | 0.050558 | 0.073384 |-0.000577 | 0.077564 | 0.045662 | 0.085480 | 0.073860 | 0.042613 | 0.032295 | 0.060473 | 0.058117 | 0.067686 |-0.014968 | 0.131963 | 0.045148 | 0.046346 | 0.071747 | 0.087770 | 0.076968 | 0.027436 | 0.070556 | 0.054035 | 0.052420 |-0.016713] ||
	|| {16}: Cumulative Yield Vertex:    0.028093 | 0.039971 | 0.037236 | 0.044772 | 0.041105 | 0.041995 | 0.043215 | 0.046959 | 0.041625 | 0.045198 | 0.045240 | 0.048561 | 0.050495 | 0.049930 | 0.048750 | 0.049480 | 0.049987 | 0.050968 | 0.047447 | 0.051589 | 0.051282 | 0.051057 | 0.051951 | 0.053431 | 0.054366 | 0.053322 | 0.053957 | 0.053960 | 0.053907 | 0.051508 ||
	||-------------------------------------------------------------------------------------------------------------------------------||
	|| {16}:  03238 => 02787 | 0081 | 0370 | 0000 ||
	||-------------------------------------------------------------------------------------------------------------------------------||
	|| {17}: [Value:  0.000733; Vertex:  0.027984 | 0.052209 | 0.031435 | 0.066703 | 0.028791 | 0.043287 | 0.052780 | 0.073749 |-0.005141 | 0.104022 | 0.018939 | 0.095873 | 0.089327 | 0.007434 | 0.038079 | 0.100543 | 0.036644 | 0.045948 | 0.021700 | 0.072537 | 0.077720 | 0.026214 | 0.102486 | 0.069729 | 0.084643 | 0.052019 | 0.057355 | 0.044343 | 0.026630 | 0.029414] ||
	|| {17}: Cumulative Yield Vertex:    0.027984 | 0.040077 | 0.037195 | 0.044527 | 0.041372 | 0.041692 | 0.043271 | 0.047053 | 0.041191 | 0.047400 | 0.044798 | 0.049004 | 0.052076 | 0.048848 | 0.048129 | 0.051364 | 0.050496 | 0.050242 | 0.048731 | 0.049914 | 0.051229 | 0.050083 | 0.052332 | 0.053054 | 0.054307 | 0.054219 | 0.054335 | 0.053977 | 0.053029 | 0.052236 ||
	||-------------------------------------------------------------------------------------------------------------------------------||
	|| {17}:  03472 => 03035 | 0077 | 0360 | 0000 ||
	||-------------------------------------------------------------------------------------------------------------------------------||
	|| {18}: [Value:  0.000741; Vertex:  0.028122 | 0.051655 | 0.032606 | 0.064280 | 0.031695 | 0.039458 | 0.056170 | 0.074442 |-0.010083 | 0.089091 | 0.045508 | 0.067777 | 0.113066 | 0.007986 | 0.044117 | 0.049087 | 0.121137 |-0.016392 | 0.034936 | 0.113072 | 0.026655 | 0.051199 | 0.091355 | 0.070086 | 0.106132 | 0.048211 | 0.072083 | 0.012411 | 0.012730 | 0.011569] ||
	|| {18}: Cumulative Yield Vertex:    0.028122 | 0.039871 | 0.037448 | 0.044119 | 0.041630 | 0.041267 | 0.043387 | 0.047241 | 0.040795 | 0.045583 | 0.045576 | 0.047416 | 0.052390 | 0.049179 | 0.048842 | 0.048857 | 0.053037 | 0.049109 | 0.048361 | 0.051547 | 0.050356 | 0.050394 | 0.052157 | 0.052900 | 0.055002 | 0.054740 | 0.055379 | 0.053830 | 0.052400 | 0.051023 ||
	||-------------------------------------------------------------------------------------------------------------------------------||
	|| {18}:  03405 => 02965 | 0075 | 0365 | 0000 ||
	||-------------------------------------------------------------------------------------------------------------------------------||
	|| {19}: [Value:  0.000756; Vertex:  0.028213 | 0.051886 | 0.031478 | 0.067144 | 0.028111 | 0.044429 | 0.052050 | 0.070851 | 0.004492 | 0.088895 | 0.030724 | 0.076986 | 0.062176 | 0.079922 | 0.005417 | 0.082934 | 0.050882 | 0.045532 | 0.035749 | 0.062281 | 0.079616 | 0.029067 | 0.096249 | 0.074866 | 0.077340 | 0.066149 | 0.067769 | 0.002516 | 0.035962 |-0.008883] ||
	|| {19}: Cumulative Yield Vertex:    0.028213 | 0.040031 | 0.037179 | 0.044624 | 0.041313 | 0.041833 | 0.043288 | 0.046711 | 0.041979 | 0.046632 | 0.045182 | 0.047812 | 0.048912 | 0.051116 | 0.048040 | 0.050202 | 0.050242 | 0.049979 | 0.049228 | 0.049879 | 0.051284 | 0.050267 | 0.052244 | 0.053181 | 0.054141 | 0.054602 | 0.055088 | 0.053188 | 0.052592 | 0.050509 ||
	||-------------------------------------------------------------------------------------------------------------------------------||
	|| {19}:  01814 => 01442 | 0039 | 0333 | 0000 ||
	||-------------------------------------------------------------------------------------------------------------------------------||

	|-----------------------------------------------------------------|
	|    Copyright (C) 2011-2026 (DRIP, DROP)
	|-----------------------------------------------------------------|
	|    Build Version  => 8.01.0 multi
	|    Build JVM (TM) => 15.0.1+9-18 mixed mode, sharing
	|    Build Snap     => Sat Sep 26 23:09:04 EST 2026
	|    Start Time     => Thu Oct 01 20:40:26 EDT 2026
	|    Setup Time     => Thu Oct 01 20:40:27 EDT 2026
	|    Finish Time    => Thu Oct 01 20:53:34 EDT 2026
	|    Setup Duration => 762 ms
	|    Run Duration   => 13 m 7 s 81 ms
	|-----------------------------------------------------------------|

