
	|-----------------------------------------------------------------|
	|    Copyright (C) 2011-2026 (DRIP, DROP)
	|-----------------------------------------------------------------|
	|    Build Version  => 8.01.0 multi
	|    Build JVM (TM) => 15.0.1+9-18 mixed mode, sharing
	|    Build Snap     => Sat Sep 26 23:09:04 EST 2026
	|    Start Time     => Fri Oct 02 12:11:21 EDT 2026
	|    Setup Time     => Fri Oct 02 12:11:22 EDT 2026
	|    Setup Duration => 983 ms
	|-----------------------------------------------------------------|

	||--------------------------------------------------||
	|| Multi-Bond Curve Calibrator => Multi-Bond Least-squares Function: {25-SEP-2026, USD, UST, 2} {Pillar Dates: 25-SEP-2027, 25-SEP-2028, 25-SEP-2029, 25-SEP-2030, 25-SEP-2031, 25-SEP-2032, 25-SEP-2033, 25-SEP-2034, 25-SEP-2035, 25-SEP-2036, 25-SEP-2037, 25-SEP-2038, 25-SEP-2039, 25-SEP-2040, 25-SEP-2041, 25-SEP-2042, 25-SEP-2043, 25-SEP-2044, 25-SEP-2045, 25-SEP-2046, 25-SEP-2047, 25-SEP-2048, 25-SEP-2049, 25-SEP-2050, 25-SEP-2051, 25-SEP-2052, 25-SEP-2053, 25-SEP-2054, 25-SEP-2055, 25-SEP-2056, };
Calibration Components:
	[1 4.00 15-FEB-2029] => 099.908 | 01.00]
	[2 5.00 01-AUG-2029] => 102.160 | 01.00]
	[3 5.00 15-OCT-2029] => 103.519 | 01.00]
	[4 5.00 15-FEB-2030] => 102.500 | 01.00]
	[5 5.00 15-FEB-2029] => 103.139 | 01.00]
	[6 4.00 01-MAR-2029] => 100.997 | 01.00]
	[7 5.00 01-DEC-2029] => 103.406 | 01.00]
	[8 4.00 01-NOV-2029] => 102.299 | 01.00]
	[9 5.00 15-FEB-2030] => 102.717 | 01.00]
	[10 5.00 01-OCT-2028] => 102.911 | 01.00]
	[11 5.00 01-DEC-2028] => 101.912 | 01.00]
	[12 5.00 15-FEB-2029] => 102.520 | 01.00]
	[13 5.00 01-DEC-2028] => 102.300 | 01.00]
	[14 5.00 01-DEC-2029] => 101.390 | 01.00]
	[15 5.25 01-FEB-2028] => 101.685 | 01.00]
	[16 4.00 01-SEP-2027] => 101.458 | 01.00]
	[17 5.00 01-OCT-2029] => 104.180 | 01.00]
	[18 5.00 01-SEP-2028] => 102.138 | 01.00]
	[19 5.00 01-OCT-2028] => 101.613 | 01.00]
	[20 5.00 15-FEB-2028] => 101.566 | 01.00]
	[21 4.00 15-FEB-2029] => 099.308 | 01.00]
	[22 5.00 01-AUG-2029] => 102.160 | 01.00]
	[23 5.00 01-DEC-2031] => 102.393 | 01.00]
	[24 5.00 15-JUL-2030] => 101.789 | 01.00]
	[25 5.00 15-OCT-2029] => 103.519 | 01.00]
	[26 5.00 15-JUN-2031] => 102.508 | 01.00]
	[27 5.00 15-FEB-2030] => 102.500 | 01.00]
	[28 5.00 01-DEC-2031] => 104.367 | 01.00]
	[29 5.00 15-SEP-2031] => 103.830 | 01.00]
	[30 5.00 01-DEC-2031] => 104.428 | 01.00]
	[31 5.00 15-FEB-2029] => 103.139 | 01.00]
	[32 4.00 15-FEB-2031] => 100.930 | 01.00]
	[33 5.00 15-FEB-2031] => 102.911 | 01.00]
	[34 4.00 01-MAR-2029] => 100.997 | 01.00]
	[35 5.00 01-DEC-2029] => 103.406 | 01.00]
	[36 5.00 15-AUG-2031] => 104.846 | 01.00]
	[37 5.00 01-AUG-2031] => 102.660 | 01.00]
	[38 4.00 01-NOV-2029] => 102.299 | 01.00]
	[39 5.00 15-FEB-2030] => 102.717 | 01.00]
	[40 5.00 15-NOV-2030] => 101.733 | 01.00]
	[41 5.00 15-FEB-2033] => 104.480 | 01.00]
	[42 5.00 01-DEC-2031] => 102.393 | 01.00]
	[43 5.00 01-SEP-2033] => 106.315 | 01.00]
	[44 5.00 15-JUL-2030] => 101.789 | 01.00]
	[45 5.00 01-AUG-2033] => 106.279 | 01.00]
	[46 3.00 01-AUG-2033] => 091.858 | 01.00]
	[47 5.00 15-FEB-2033] => 104.370 | 01.00]
	[48 5.00 15-JUN-2031] => 102.508 | 01.00]
	[49 4.00 01-DEC-2033] => 096.755 | 01.00]
	[50 5.00 01-DEC-2031] => 104.367 | 01.00]
	[51 5.00 15-SEP-2031] => 103.830 | 01.00]
	[52 5.00 01-DEC-2031] => 104.428 | 01.00]
	[53 3.00 01-AUG-2033] => 090.860 | 01.00]
	[54 5.00 01-AUG-2032] => 104.339 | 01.00]
	[55 5.00 01-JUN-2032] => 104.219 | 01.00]
	[56 4.00 01-DEC-2033] => 097.556 | 01.00]
	[57 4.00 15-FEB-2031] => 100.930 | 01.00]
	[58 5.00 01-DEC-2033] => 100.840 | 01.00]
	[59 5.00 01-AUG-2032] => 104.178 | 01.00]
	[60 5.00 01-MAR-2032] => 104.380 | 01.00]
	[61 5.00 01-FEB-2038] => 101.599 | 01.00]
	[62 5.00 01-APR-2034] => 101.605 | 01.00]
	[63 5.00 01-DEC-2034] => 102.507 | 01.00]
	[64 5.00 15-FEB-2037] => 101.913 | 01.00]
	[65 5.00 01-FEB-2035] => 102.910 | 01.00]
	[66 5.00 15-FEB-2035] => 104.250 | 01.00]
	[67 4.00 15-AUG-2037] => 099.777 | 01.00]
	[68 4.00 15-AUG-2037] => 099.777 | 01.00]
	[69 5.00 01-MAR-2035] => 104.901 | 01.00]
	[70 5.00 01-FEB-2035] => 102.229 | 01.00]
	[71 5.00 15-FEB-2035] => 104.000 | 01.00]
	[72 5.00 01-JUN-2035] => 104.793 | 01.00]
	[73 5.00 01-AUG-2037] => 103.608 | 01.00]
	[74 5.00 01-JUL-2037] => 104.596 | 01.00]
	[75 5.00 01-FEB-2035] => 104.502 | 01.00]
	[76 4.00 15-FEB-2038] => 094.301 | 01.00]
	[77 5.00 01-OCT-2037] => 103.848 | 01.00]
	[78 5.00 01-AUG-2037] => 101.030 | 01.00]
	[79 5.00 01-AUG-2034] => 103.580 | 01.00]
	[80 5.00 15-AUG-2038] => 101.825 | 01.00]
	[81 5.00 01-FEB-2038] => 101.599 | 01.00]
	[82 4.00 15-AUG-2037] => 099.777 | 01.00]
	[83 5.00 01-JUL-2040] => 099.500 | 01.00]
	[84 5.00 15-FEB-2042] => 100.098 | 01.00]
	[85 5.00 01-JUL-2040] => 102.153 | 01.00]
	[86 5.00 01-AUG-2037] => 103.608 | 01.00]
	[87 5.00 01-JUL-2037] => 104.596 | 01.00]
	[88 4.00 01-DEC-2039] => 085.921 | 01.00]
	[89 5.00 15-JUN-2041] => 100.404 | 01.00]
	[90 4.00 15-FEB-2038] => 094.301 | 01.00]
	[91 5.00 01-OCT-2037] => 103.848 | 01.00]
	[92 5.00 01-AUG-2037] => 101.030 | 01.00]
	[93 5.00 15-AUG-2038] => 101.825 | 01.00]
	[94 4.00 01-DEC-2037] => 091.511 | 01.00]
	[95 5.00 01-DEC-2039] => 100.105 | 01.00]
	[96 5.00 01-DEC-2041] => 100.679 | 01.00]
	[97 5.00 15-FEB-2042] => 101.206 | 01.00]
	[98 5.00 15-FEB-2041] => 101.307 | 01.00]
	[99 5.00 01-OCT-2038] => 103.807 | 01.00]
	[100 5.00 15-DEC-2041] => 102.546 | 01.00]
	[101 4.00 01-FEB-2043] => 087.590 | 01.00]
	[102 5.00 01-JUL-2040] => 099.500 | 01.00]
	[103 5.00 15-FEB-2042] => 100.098 | 01.00]
	[104 5.00 01-JUL-2040] => 102.153 | 01.00]
	[105 4.00 15-FEB-2044] => 086.216 | 01.00]
	[106 5.00 15-JUN-2041] => 100.404 | 01.00]
	[107 3.12 15-AUG-2044] => 074.209 | 01.00]
	[108 5.25 15-JUN-2044] => 103.386 | 01.00]
	[109 4.00 01-OCT-2044] => 090.202 | 01.00]
	[110 5.00 01-DEC-2041] => 100.679 | 01.00]
	[111 5.00 01-AUG-2042] => 101.398 | 01.00]
	[112 5.00 15-FEB-2042] => 101.206 | 01.00]
	[113 5.00 15-FEB-2041] => 101.307 | 01.00]
	[114 5.00 15-DEC-2041] => 102.546 | 01.00]
	[115 5.00 01-APR-2043] => 098.596 | 01.00]
	[116 4.00 01-AUG-2043] => 091.366 | 01.00]
	[117 5.25 01-DEC-2040] => 103.561 | 01.00]
	[118 4.00 01-AUG-2041] => 089.275 | 01.00]
	[119 5.00 01-AUG-2044] => 100.962 | 01.00]
	[120 4.00 01-AUG-2046] => 086.847 | 01.00]
	[121 5.00 15-FEB-2048] => 099.994 | 01.00]
	[122 4.00 15-JUN-2049] => 080.650 | 01.00]
	[123 4.00 01-AUG-2046] => 086.847 | 01.00]
	[124 4.00 01-APR-2045] => 084.923 | 01.00]
	[125 4.00 01-AUG-2047] => 082.634 | 01.00]
	[126 4.00 01-JUN-2047] => 085.130 | 01.00]
	[127 5.00 01-APR-2048] => 100.144 | 01.00]
	[128 5.00 01-SEP-2045] => 102.435 | 01.00]
	[129 5.00 01-OCT-2048] => 100.701 | 01.00]
	[130 4.00 01-OCT-2045] => 090.679 | 01.00]
	[131 5.00 15-SEP-2045] => 099.835 | 01.00]
	[132 5.00 01-FEB-2046] => 102.589 | 01.00]
	[133 4.00 01-FEB-2047] => 084.149 | 01.00]
	[134 5.00 01-FEB-2052] => 093.173 | 01.00]
	[135 4.62 15-JUN-2045] => 100.419 | 01.00]
	[136 5.00 01-JUL-2045] => 100.733 | 01.00]
	[137 5.00 15-FEB-2049] => 102.120 | 01.00]
	[138 5.00 15-AUG-2049] => 098.927 | 01.00]
	[139 5.00 15-SEP-2048] => 099.268 | 01.00]
	[140 5.25 15-FEB-2049] => 105.177 | 01.00]
	[141 5.00 15-MAR-2050] => 096.043 | 01.00]
	[142 5.25 15-MAR-2050] => 094.408 | 01.00]
	[143 5.00 15-JUN-2050] => 095.368 | 01.00]
	[144 5.00 01-DEC-2055] => 093.455 | 01.00]
	[145 5.00 15-FEB-2051] => 094.711 | 01.00]
	[146 5.00 15-FEB-2051] => 098.621 | 01.00]
	[147 4.25 01-FEB-2054] => 080.086 | 01.00]
	[148 5.25 01-FEB-2053] => 096.535 | 01.00]
	[149 5.00 01-AUG-2052] => 095.798 | 01.00]
	[150 5.25 01-DEC-2054] => 094.668 | 01.00]
	[151 4.50 15-MAY-2052] => 084.838 | 01.00]
	[152 5.00 01-JUN-2055] => 094.722 | 01.00]
	[153 5.25 01-AUG-2050] => 100.836 | 01.00]
	[154 5.25 15-JUN-2055] => 097.958 | 01.00]
	[155 5.00 01-DEC-2052] => 100.367 | 01.00]
	[156 4.50 15-AUG-2050] => 088.758 | 01.00]
	[157 4.25 01-AUG-2052] => 084.874 | 01.00]
	[158 4.00 01-JUN-2051] => 076.770 | 01.00]
	[159 5.00 15-MAR-2055] => 094.590 | 01.00]
	[160 5.00 01-JAN-2056] => 103.206 | 01.00]
	||  {Vertex Count => 80 | Lower Search Bound => 0.01 | Upper Search Bound => 0.09 | Incorporate Centroid => false | Tolerance => 1.e-8}
	||--------------------------------------------------||

	||-------------------------------------------------------------------------------------------------------------------------------||
	|| {0}: [Value:  0.000710; Vertex:  0.028125 | 0.051900 | 0.031752 | 0.066449 | 0.028930 | 0.043035 | 0.052853 | 0.075323 |-0.008113 | 0.116253 | 0.009495 | 0.084792 | 0.116937 |-0.016449 | 0.067330 | 0.033999 | 0.080840 | 0.046192 | 0.013079 | 0.105519 | 0.095406 |-0.048904 | 0.183155 | 0.020800 | 0.108186 | 0.012295 | 0.138954 | 0.022101 |-0.018738 |-0.010195] ||
	|| {0}: Cumulative Yield Vertex:    0.028125 | 0.039994 | 0.037245 | 0.044502 | 0.041380 | 0.041656 | 0.043251 | 0.047230 | 0.041009 | 0.048426 | 0.044858 | 0.048154 | 0.053362 | 0.048285 | 0.049548 | 0.048574 | 0.050456 | 0.050219 | 0.048249 | 0.051073 | 0.053161 | 0.048399 | 0.054077 | 0.052680 | 0.054871 | 0.053213 | 0.056325 | 0.055093 | 0.052504 | 0.050378 ||
	||-------------------------------------------------------------------------------------------------------------------------------||
	|| {0}:  14494 => 13109 | 0306 | 1079 | 0000 ||
	||-------------------------------------------------------------------------------------------------------------------------------||
	|| {1}: [Value:  0.000707; Vertex:  0.028091 | 0.051959 | 0.031644 | 0.066922 | 0.028301 | 0.043329 | 0.052323 | 0.081404 |-0.023213 | 0.104422 | 0.035042 | 0.078571 | 0.118739 |-0.019646 | 0.070635 | 0.041831 | 0.071176 | 0.047934 | 0.014421 | 0.099503 | 0.095144 |-0.033823 | 0.135057 | 0.061816 | 0.161142 |-0.061347 | 0.087229 | 0.130653 |-0.053925 |-0.059024] ||
	|| {1}: Cumulative Yield Vertex:    0.028091 | 0.040006 | 0.037218 | 0.044598 | 0.041330 | 0.041664 | 0.043182 | 0.047918 | 0.039895 | 0.046269 | 0.045247 | 0.048002 | 0.053355 | 0.048042 | 0.049539 | 0.049057 | 0.050351 | 0.050216 | 0.048318 | 0.050845 | 0.052932 | 0.048899 | 0.052569 | 0.052953 | 0.057172 | 0.052473 | 0.053749 | 0.056445 | 0.052540 | 0.048712 ||
	||-------------------------------------------------------------------------------------------------------------------------------||
	|| {1}:  12641 => 11361 | 0266 | 1014 | 0000 ||
	||-------------------------------------------------------------------------------------------------------------------------------||
	|| {2}: [Value:  0.000710; Vertex:  0.028138 | 0.051824 | 0.031774 | 0.066859 | 0.028380 | 0.042953 | 0.052962 | 0.078808 |-0.016966 | 0.120740 | 0.010676 | 0.088679 | 0.110341 |-0.015693 | 0.064576 | 0.053877 | 0.061144 | 0.057079 | 0.002263 | 0.111972 | 0.081716 |-0.023717 | 0.121633 | 0.098458 | 0.063833 | 0.029417 | 0.069692 | 0.111557 |-0.053905 |-0.013464] ||
	|| {2}: Cumulative Yield Vertex:    0.028138 | 0.039963 | 0.037232 | 0.044594 | 0.041342 | 0.041611 | 0.043228 | 0.047639 | 0.040362 | 0.048276 | 0.044832 | 0.048448 | 0.053141 | 0.048136 | 0.049227 | 0.049517 | 0.050199 | 0.050581 | 0.048011 | 0.051161 | 0.052604 | 0.049065 | 0.052166 | 0.054073 | 0.054462 | 0.053491 | 0.054089 | 0.056112 | 0.052220 | 0.049991 ||
	||-------------------------------------------------------------------------------------------------------------------------------||
	|| {2}:  12589 => 11222 | 0306 | 1061 | 0000 ||
	||-------------------------------------------------------------------------------------------------------------------------------||
	|| {3}: [Value:  0.000714; Vertex:  0.028099 | 0.051915 | 0.031755 | 0.066616 | 0.028776 | 0.042123 | 0.054238 | 0.077234 |-0.015161 | 0.117503 | 0.013859 | 0.085880 | 0.095078 | 0.011230 | 0.048869 | 0.057193 | 0.076999 | 0.037934 | 0.005481 | 0.143509 | 0.018924 | 0.018770 | 0.109253 | 0.089710 | 0.081924 | 0.024163 | 0.102535 | 0.085341 |-0.070606 |-0.014738] ||
	|| {3}: Cumulative Yield Vertex:    0.028099 | 0.039988 | 0.037243 | 0.044542 | 0.041380 | 0.041504 | 0.043317 | 0.047523 | 0.040466 | 0.048057 | 0.044926 | 0.048306 | 0.051864 | 0.048929 | 0.048925 | 0.049440 | 0.051050 | 0.050318 | 0.047935 | 0.052608 | 0.050992 | 0.049513 | 0.052073 | 0.053627 | 0.054751 | 0.053563 | 0.055355 | 0.056418 | 0.051905 | 0.049643 ||
	||-------------------------------------------------------------------------------------------------------------------------------||
	|| {3}:  13872 => 12560 | 0283 | 1029 | 0000 ||
	||-------------------------------------------------------------------------------------------------------------------------------||
	|| {4}: [Value:  0.000712; Vertex:  0.028130 | 0.051897 | 0.031680 | 0.066991 | 0.028137 | 0.043236 | 0.052939 | 0.078128 |-0.014859 | 0.109495 | 0.021996 | 0.083084 | 0.109558 |-0.008202 | 0.059410 | 0.058501 | 0.053245 | 0.061397 | 0.003821 | 0.118645 | 0.076650 |-0.034721 | 0.140562 | 0.076000 | 0.074781 | 0.048279 | 0.028749 | 0.137630 |-0.060710 | 0.049617] ||
	|| {4}: Cumulative Yield Vertex:    0.028130 | 0.039995 | 0.037222 | 0.044619 | 0.041314 | 0.041635 | 0.043245 | 0.047570 | 0.040542 | 0.047347 | 0.045031 | 0.048174 | 0.052828 | 0.048399 | 0.049131 | 0.049715 | 0.049922 | 0.050559 | 0.048074 | 0.051544 | 0.052732 | 0.048665 | 0.052575 | 0.053545 | 0.054389 | 0.054154 | 0.053208 | 0.056163 | 0.052020 | 0.051940 ||
	||-------------------------------------------------------------------------------------------------------------------------------||
	|| {4}:  14671 => 13395 | 0262 | 1014 | 0000 ||
	||-------------------------------------------------------------------------------------------------------------------------------||
	|| {5}: [Value:  0.000715; Vertex:  0.028140 | 0.051824 | 0.031820 | 0.066721 | 0.028302 | 0.043725 | 0.052657 | 0.076532 |-0.011505 | 0.096181 | 0.034377 | 0.080870 | 0.123291 |-0.025947 | 0.065736 | 0.065028 | 0.032209 | 0.077829 | 0.005447 | 0.104497 | 0.074972 |-0.020633 | 0.130395 | 0.101874 | 0.053695 | 0.029232 | 0.077421 | 0.080717 |-0.011591 |-0.017509] ||
	|| {5}: Cumulative Yield Vertex:    0.028140 | 0.039964 | 0.037248 | 0.044572 | 0.041309 | 0.041712 | 0.043271 | 0.047397 | 0.040771 | 0.046256 | 0.045174 | 0.048123 | 0.053806 | 0.047992 | 0.049170 | 0.050157 | 0.049097 | 0.050686 | 0.048282 | 0.051054 | 0.052186 | 0.048812 | 0.052291 | 0.054332 | 0.054307 | 0.053334 | 0.054221 | 0.055161 | 0.052824 | 0.050435 ||
	||-------------------------------------------------------------------------------------------------------------------------------||
	|| {5}:  16238 => 14891 | 0297 | 1050 | 0000 ||
	||-------------------------------------------------------------------------------------------------------------------------------||
	|| {6}: [Value:  0.000709; Vertex:  0.028157 | 0.051829 | 0.031772 | 0.066716 | 0.028559 | 0.042699 | 0.053892 | 0.074824 |-0.007793 | 0.105085 | 0.021005 | 0.086677 | 0.108965 |-0.010923 | 0.057820 | 0.062148 | 0.050552 | 0.064727 | 0.000049 | 0.118308 | 0.075180 |-0.029050 | 0.134044 | 0.094087 | 0.075726 | 0.004873 | 0.078693 | 0.134821 |-0.083531 | 0.038283] ||
	|| {6}: Cumulative Yield Vertex:    0.028157 | 0.039974 | 0.037239 | 0.044564 | 0.041355 | 0.041579 | 0.043332 | 0.047239 | 0.041054 | 0.047381 | 0.044971 | 0.048412 | 0.053004 | 0.048362 | 0.048990 | 0.049810 | 0.049853 | 0.050679 | 0.047984 | 0.051442 | 0.052565 | 0.048776 | 0.052409 | 0.054127 | 0.054986 | 0.053032 | 0.053976 | 0.056808 | 0.051805 | 0.051352 ||
	||-------------------------------------------------------------------------------------------------------------------------------||
	|| {6}:  14430 => 13199 | 0240 | 0991 | 0000 ||
	||-------------------------------------------------------------------------------------------------------------------------------||
	|| {7}: [Value:  0.000706; Vertex:  0.028143 | 0.051908 | 0.031647 | 0.066808 | 0.028404 | 0.043205 | 0.053023 | 0.077307 |-0.013604 | 0.107829 | 0.022739 | 0.084714 | 0.115511 |-0.015575 | 0.057214 | 0.060498 | 0.074486 | 0.025395 | 0.028655 | 0.099491 | 0.077639 |-0.026080 | 0.150091 | 0.058871 | 0.123824 |-0.034711 | 0.124902 | 0.128104 |-0.114329 | 0.028231] ||
	|| {7}: Cumulative Yield Vertex:    0.028143 | 0.040007 | 0.037219 | 0.044572 | 0.041330 | 0.041643 | 0.043263 | 0.047485 | 0.040610 | 0.047247 | 0.045008 | 0.048286 | 0.053377 | 0.048364 | 0.048952 | 0.049671 | 0.051122 | 0.049681 | 0.048570 | 0.051085 | 0.052341 | 0.048702 | 0.053006 | 0.053250 | 0.056026 | 0.052452 | 0.055089 | 0.057651 | 0.051472 | 0.050691 ||
	||-------------------------------------------------------------------------------------------------------------------------------||
	|| {7}:  16553 => 15101 | 0348 | 1104 | 0000 ||
	||-------------------------------------------------------------------------------------------------------------------------------||
	|| {8}: [Value:  0.000706; Vertex:  0.028141 | 0.051833 | 0.031779 | 0.066744 | 0.028564 | 0.042705 | 0.053590 | 0.077212 |-0.014959 | 0.126469 | 0.003502 | 0.089074 | 0.100554 | 0.002391 | 0.051311 | 0.060651 | 0.060212 | 0.053845 | 0.005134 | 0.105737 | 0.103924 |-0.050453 | 0.154901 | 0.047010 | 0.149813 |-0.040419 | 0.115721 | 0.081941 |-0.053411 | 0.008231] ||
	|| {8}: Cumulative Yield Vertex:    0.028141 | 0.039969 | 0.037238 | 0.044569 | 0.041360 | 0.041585 | 0.043294 | 0.047500 | 0.040469 | 0.048926 | 0.044758 | 0.048412 | 0.052374 | 0.048756 | 0.048926 | 0.049656 | 0.050275 | 0.050474 | 0.048064 | 0.050908 | 0.053400 | 0.048552 | 0.053062 | 0.052809 | 0.056602 | 0.052775 | 0.055071 | 0.056024 | 0.052152 | 0.050670 ||
	||-------------------------------------------------------------------------------------------------------------------------------||
	|| {8}:  16829 => 15452 | 0316 | 1061 | 0000 ||
	||-------------------------------------------------------------------------------------------------------------------------------||
	|| {9}: [Value:  0.000714; Vertex:  0.028159 | 0.051816 | 0.031772 | 0.066719 | 0.028612 | 0.042538 | 0.054074 | 0.076067 |-0.012063 | 0.106191 | 0.023798 | 0.083358 | 0.114835 |-0.016746 | 0.068736 | 0.036480 | 0.076913 | 0.053414 | 0.003960 | 0.128338 | 0.051187 |-0.015118 | 0.134341 | 0.090038 | 0.051291 | 0.041900 | 0.095012 | 0.077627 |-0.048869 | 0.070518] ||
	|| {9}: Cumulative Yield Vertex:    0.028159 | 0.039969 | 0.037235 | 0.044562 | 0.041364 | 0.041560 | 0.043341 | 0.047401 | 0.040711 | 0.047179 | 0.045044 | 0.048207 | 0.053254 | 0.048163 | 0.049527 | 0.048710 | 0.050357 | 0.050527 | 0.048051 | 0.051990 | 0.051952 | 0.048848 | 0.052491 | 0.054041 | 0.053931 | 0.053466 | 0.054988 | 0.055792 | 0.052094 | 0.052707 ||
	||-------------------------------------------------------------------------------------------------------------------------------||
	|| {9}:  12965 => 11656 | 0277 | 1032 | 0000 ||
	||-------------------------------------------------------------------------------------------------------------------------------||
	|| {10}: [Value:  0.000706; Vertex:  0.028140 | 0.051912 | 0.031653 | 0.066872 | 0.028259 | 0.043163 | 0.052826 | 0.079449 |-0.018462 | 0.113775 | 0.019964 | 0.085041 | 0.113953 |-0.016056 | 0.062680 | 0.055845 | 0.049069 | 0.067464 | 0.010442 | 0.092777 | 0.096222 |-0.034640 | 0.142215 | 0.074724 | 0.109682 |-0.020218 | 0.087034 | 0.133307 |-0.078100 |-0.031528] ||
	|| {10}: Cumulative Yield Vertex:    0.028140 | 0.040008 | 0.037222 | 0.044589 | 0.041314 | 0.041623 | 0.043218 | 0.047709 | 0.040254 | 0.047503 | 0.044986 | 0.048292 | 0.053267 | 0.048226 | 0.049186 | 0.049601 | 0.049570 | 0.050562 | 0.048432 | 0.050625 | 0.052772 | 0.048708 | 0.052684 | 0.053597 | 0.055810 | 0.052827 | 0.054083 | 0.056859 | 0.052055 | 0.049206 ||
	||-------------------------------------------------------------------------------------------------------------------------------||
	|| {10}:  15610 => 14154 | 0352 | 1104 | 0000 ||
	||-------------------------------------------------------------------------------------------------------------------------------||
	|| {11}: [Value:  0.000708; Vertex:  0.028136 | 0.051826 | 0.031827 | 0.066790 | 0.028290 | 0.042989 | 0.053894 | 0.074601 |-0.008793 | 0.104917 | 0.023760 | 0.079560 | 0.116346 |-0.011908 | 0.063052 | 0.041264 | 0.076564 | 0.050145 | 0.008199 | 0.087793 | 0.128647 |-0.056123 | 0.127516 | 0.091308 | 0.097589 |-0.011463 | 0.125659 | 0.088763 |-0.068094 |-0.009081] ||
	|| {11}: Cumulative Yield Vertex:    0.028136 | 0.039963 | 0.037250 | 0.044590 | 0.041321 | 0.041600 | 0.043350 | 0.047228 | 0.040930 | 0.047253 | 0.045107 | 0.047954 | 0.053133 | 0.048408 | 0.049380 | 0.048872 | 0.050490 | 0.050471 | 0.048226 | 0.050185 | 0.053852 | 0.048711 | 0.052073 | 0.053692 | 0.055429 | 0.052810 | 0.055461 | 0.056640 | 0.052211 | 0.050134 ||
	||-------------------------------------------------------------------------------------------------------------------------------||
	|| {11}:  14425 => 13015 | 0327 | 1083 | 0000 ||
	||-------------------------------------------------------------------------------------------------------------------------------||
	|| {12}: [Value:  0.000705; Vertex:  0.028176 | 0.051800 | 0.031815 | 0.066643 | 0.028447 | 0.043359 | 0.052489 | 0.077609 |-0.012996 | 0.104278 | 0.026694 | 0.080386 | 0.116138 |-0.014343 | 0.065329 | 0.047526 | 0.054857 | 0.070386 | 0.002213 | 0.105552 | 0.086835 |-0.036995 | 0.169663 | 0.022993 | 0.179318 |-0.056414 | 0.136665 | 0.065111 |-0.065048 |-0.022070] ||
	|| {12}: Cumulative Yield Vertex:    0.028176 | 0.039970 | 0.037250 | 0.044554 | 0.041324 | 0.041664 | 0.043206 | 0.047472 | 0.040667 | 0.046953 | 0.045104 | 0.048020 | 0.053177 | 0.048270 | 0.049402 | 0.049284 | 0.049612 | 0.050763 | 0.048180 | 0.051009 | 0.052700 | 0.048527 | 0.053647 | 0.052361 | 0.057291 | 0.052789 | 0.055833 | 0.056164 | 0.051863 | 0.049350 ||
	||-------------------------------------------------------------------------------------------------------------------------------||
	|| {12}:  14287 => 12902 | 0312 | 1073 | 0000 ||
	||-------------------------------------------------------------------------------------------------------------------------------||
	|| {13}: [Value:  0.000710; Vertex:  0.028127 | 0.051890 | 0.031707 | 0.067021 | 0.028009 | 0.043586 | 0.053160 | 0.074853 |-0.008299 | 0.107336 | 0.019633 | 0.083489 | 0.099082 | 0.010317 | 0.051491 | 0.045126 | 0.071831 | 0.056744 | 0.005880 | 0.093949 | 0.103335 |-0.047868 | 0.187928 | 0.011272 | 0.141818 | 0.004657 | 0.032472 | 0.161608 |-0.084813 |-0.018643] ||
	|| {13}: Cumulative Yield Vertex:    0.028127 | 0.039990 | 0.037228 | 0.044630 | 0.041297 | 0.041679 | 0.043314 | 0.047227 | 0.040986 | 0.047538 | 0.044988 | 0.048166 | 0.052036 | 0.049022 | 0.049186 | 0.048933 | 0.050272 | 0.050631 | 0.048253 | 0.050512 | 0.052996 | 0.048291 | 0.054168 | 0.052364 | 0.055867 | 0.053869 | 0.053073 | 0.056851 | 0.051800 | 0.049407 ||
	||-------------------------------------------------------------------------------------------------------------------------------||
	|| {13}:  14976 => 13569 | 0328 | 1079 | 0000 ||
	||-------------------------------------------------------------------------------------------------------------------------------||
	|| {14}: [Value:  0.000708; Vertex:  0.028162 | 0.051853 | 0.031765 | 0.066546 | 0.028866 | 0.042162 | 0.054773 | 0.074167 |-0.009003 | 0.113633 | 0.012795 | 0.090285 | 0.107542 |-0.013778 | 0.062765 | 0.056844 | 0.051845 | 0.069229 |-0.005812 | 0.130608 | 0.049091 |-0.006593 | 0.128142 | 0.087283 | 0.080520 |-0.004749 | 0.142524 | 0.076069 |-0.061419 |-0.079543] ||
	|| {14}: Cumulative Yield Vertex:    0.028162 | 0.039990 | 0.037247 | 0.044528 | 0.041387 | 0.041517 | 0.043404 | 0.047221 | 0.040901 | 0.048073 | 0.044843 | 0.048590 | 0.053062 | 0.048205 | 0.049172 | 0.049650 | 0.049779 | 0.050857 | 0.047837 | 0.051895 | 0.051762 | 0.049067 | 0.052441 | 0.053880 | 0.054938 | 0.052605 | 0.055865 | 0.056583 | 0.052399 | 0.047849 ||
	||-------------------------------------------------------------------------------------------------------------------------------||
	|| {14}:  18670 => 17248 | 0333 | 1089 | 0000 ||
	||-------------------------------------------------------------------------------------------------------------------------------||
	|| {15}: [Value:  0.000716; Vertex:  0.028093 | 0.051957 | 0.031685 | 0.066975 | 0.027947 | 0.043580 | 0.053295 | 0.075425 |-0.010046 | 0.097502 | 0.032754 | 0.078556 | 0.112454 |-0.007134 | 0.056017 | 0.059686 | 0.075961 | 0.027388 | 0.019617 | 0.115142 | 0.064722 |-0.028012 | 0.153694 | 0.075915 | 0.057064 | 0.047793 | 0.097272 | 0.049676 |-0.033490 | 0.099478] ||
	|| {15}: Cumulative Yield Vertex:    0.028093 | 0.040007 | 0.037232 | 0.044622 | 0.041278 | 0.041662 | 0.043319 | 0.047302 | 0.040853 | 0.046459 | 0.045210 | 0.047967 | 0.052853 | 0.048501 | 0.049001 | 0.049666 | 0.051203 | 0.049870 | 0.048268 | 0.051558 | 0.052183 | 0.048460 | 0.052924 | 0.053876 | 0.054003 | 0.053764 | 0.055358 | 0.055155 | 0.052035 | 0.053602 ||
	||-------------------------------------------------------------------------------------------------------------------------------||
	|| {15}:  11941 => 10704 | 0239 | 0998 | 0000 ||
	||-------------------------------------------------------------------------------------------------------------------------------||
	|| {16}: [Value:  0.000711; Vertex:  0.028156 | 0.051778 | 0.031856 | 0.066640 | 0.028512 | 0.043474 | 0.052808 | 0.076253 |-0.010967 | 0.109547 | 0.019021 | 0.081930 | 0.126279 |-0.024371 | 0.057694 | 0.070632 | 0.033121 | 0.075765 | 0.008257 | 0.086970 | 0.114382 |-0.046366 | 0.145027 | 0.065362 | 0.109472 |-0.019807 | 0.145934 | 0.050120 |-0.044835 | 0.088885] ||
	|| {16}: Cumulative Yield Vertex:    0.028156 | 0.039949 | 0.037250 | 0.044553 | 0.041337 | 0.041694 | 0.043276 | 0.047367 | 0.040806 | 0.047591 | 0.044979 | 0.048031 | 0.053943 | 0.048236 | 0.048865 | 0.050218 | 0.049209 | 0.050678 | 0.048425 | 0.050334 | 0.053337 | 0.048688 | 0.052782 | 0.053304 | 0.055520 | 0.052565 | 0.055947 | 0.055739 | 0.052189 | 0.053404 ||
	||-------------------------------------------------------------------------------------------------------------------------------||
	|| {16}:  14974 => 13499 | 0357 | 1118 | 0000 ||
	||-------------------------------------------------------------------------------------------------------------------------------||
	|| {17}: [Value:  0.000709; Vertex:  0.028199 | 0.051811 | 0.031692 | 0.066982 | 0.028218 | 0.043107 | 0.053098 | 0.079668 |-0.020652 | 0.122951 | 0.012184 | 0.085383 | 0.106780 |-0.007081 | 0.063194 | 0.045397 | 0.071924 | 0.046250 | 0.016686 | 0.102388 | 0.088603 |-0.036143 | 0.123971 | 0.100439 | 0.091429 |-0.009169 | 0.139542 | 0.063810 |-0.068633 | 0.044432] ||
	|| {17}: Cumulative Yield Vertex:    0.028199 | 0.039987 | 0.037221 | 0.044616 | 0.041327 | 0.041624 | 0.043258 | 0.047771 | 0.040058 | 0.048215 | 0.044916 | 0.048255 | 0.052696 | 0.048359 | 0.049344 | 0.049097 | 0.050432 | 0.050199 | 0.048423 | 0.051086 | 0.052856 | 0.048716 | 0.051930 | 0.053927 | 0.055413 | 0.052886 | 0.056030 | 0.056307 | 0.051870 | 0.051621 ||
	||-------------------------------------------------------------------------------------------------------------------------------||
	|| {17}:  12483 => 11161 | 0290 | 1032 | 0000 ||
	||-------------------------------------------------------------------------------------------------------------------------------||
	|| {18}: [Value:  0.000712; Vertex:  0.028161 | 0.051810 | 0.031869 | 0.066376 | 0.028994 | 0.041705 | 0.055417 | 0.074344 |-0.009242 | 0.099748 | 0.027977 | 0.085358 | 0.109245 |-0.007935 | 0.059838 | 0.042856 | 0.076582 | 0.038700 | 0.024077 | 0.101510 | 0.102527 |-0.057311 | 0.157693 | 0.073878 | 0.049467 | 0.046262 | 0.099382 | 0.101353 |-0.076259 | 0.031161] ||
	|| {18}: Cumulative Yield Vertex:    0.028161 | 0.039967 | 0.037267 | 0.044501 | 0.041392 | 0.041444 | 0.043433 | 0.047269 | 0.040915 | 0.046735 | 0.045024 | 0.048352 | 0.052971 | 0.048550 | 0.049300 | 0.048897 | 0.050515 | 0.049855 | 0.048491 | 0.051108 | 0.053526 | 0.048344 | 0.052977 | 0.053843 | 0.053668 | 0.053382 | 0.055067 | 0.056701 | 0.051970 | 0.051271 ||
	||-------------------------------------------------------------------------------------------------------------------------------||
	|| {18}:  16019 => 14558 | 0351 | 1110 | 0000 ||
	||-------------------------------------------------------------------------------------------------------------------------------||
	|| {19}: [Value:  0.000705; Vertex:  0.028135 | 0.051879 | 0.031685 | 0.066962 | 0.028216 | 0.042874 | 0.053764 | 0.077052 |-0.013359 | 0.105790 | 0.025395 | 0.079664 | 0.120240 |-0.017841 | 0.062622 | 0.052787 | 0.067061 | 0.048774 | 0.010178 | 0.104783 | 0.080099 |-0.024655 | 0.142532 | 0.071504 | 0.113226 |-0.041468 | 0.141377 | 0.114121 |-0.094146 | 0.000889] ||
	|| {19}: Cumulative Yield Vertex:    0.028135 | 0.039989 | 0.037220 | 0.044610 | 0.041322 | 0.041581 | 0.043316 | 0.047500 | 0.040651 | 0.047085 | 0.045105 | 0.047961 | 0.053429 | 0.048244 | 0.049199 | 0.049423 | 0.050456 | 0.050362 | 0.048229 | 0.051018 | 0.052393 | 0.048819 | 0.052804 | 0.053579 | 0.055931 | 0.052089 | 0.055327 | 0.057397 | 0.051979 | 0.050252 ||
	||-------------------------------------------------------------------------------------------------------------------------------||
	|| {19}:  16487 => 15294 | 0235 | 0958 | 0000 ||
	||-------------------------------------------------------------------------------------------------------------------------------||

	|-----------------------------------------------------------------|
	|    Copyright (C) 2011-2026 (DRIP, DROP)
	|-----------------------------------------------------------------|
	|    Build Version  => 8.01.0 multi
	|    Build JVM (TM) => 15.0.1+9-18 mixed mode, sharing
	|    Build Snap     => Sat Sep 26 23:09:04 EST 2026
	|    Start Time     => Fri Oct 02 12:11:21 EDT 2026
	|    Setup Time     => Fri Oct 02 12:11:22 EDT 2026
	|    Finish Time    => Fri Oct 02 13:22:49 EDT 2026
	|    Setup Duration => 983 ms
	|    Run Duration   => 1 h 11 m 27 s 60 ms
	|-----------------------------------------------------------------|

