
	|-----------------------------------------------------------------|
	|    Copyright (C) 2011-2026 (DRIP, DROP)
	|-----------------------------------------------------------------|
	|    Build Version  => 8.01.0 multi
	|    Build JVM (TM) => 15.0.1+9-18 mixed mode, sharing
	|    Build Snap     => Sat Sep 26 23:09:04 EST 2026
	|    Start Time     => Fri Oct 02 15:18:33 EDT 2026
	|    Setup Time     => Fri Oct 02 15:18:34 EDT 2026
	|    Setup Duration => 912 ms
	|-----------------------------------------------------------------|

	||--------------------------------------------------||
	|| Multi-Bond Curve Calibrator => Multi-Bond Least-squares Function: {25-SEP-2026, USD, UST, 1} {Pillar Dates: 25-SEP-2027, 25-SEP-2028, 25-SEP-2029, 25-SEP-2030, 25-SEP-2031, 25-SEP-2032, 25-SEP-2033, 25-SEP-2034, 25-SEP-2035, 25-SEP-2036, 25-SEP-2037, 25-SEP-2038, 25-SEP-2039, 25-SEP-2040, 25-SEP-2041, 25-SEP-2042, 25-SEP-2043, 25-SEP-2044, 25-SEP-2045, 25-SEP-2046, 25-SEP-2047, 25-SEP-2048, 25-SEP-2049, 25-SEP-2050, 25-SEP-2051, 25-SEP-2052, 25-SEP-2053, 25-SEP-2054, 25-SEP-2055, 25-SEP-2056, };
Calibration Components:
	[1 4.00 15-FEB-2029] => 099.908 | 01.00]
	[2 5.00 01-AUG-2029] => 102.160 | 01.00]
	[3 5.00 15-OCT-2029] => 103.519 | 01.00]
	[4 5.00 15-FEB-2030] => 102.500 | 01.00]
	[5 5.00 15-FEB-2029] => 103.139 | 01.00]
	[6 4.00 01-MAR-2029] => 100.997 | 01.00]
	[7 5.00 01-DEC-2029] => 103.406 | 01.00]
	[8 4.00 01-NOV-2029] => 102.299 | 01.00]
	[9 5.00 15-FEB-2030] => 102.717 | 01.00]
	[10 5.00 01-OCT-2028] => 102.911 | 01.00]
	[11 5.00 01-DEC-2028] => 101.912 | 01.00]
	[12 5.00 15-FEB-2029] => 102.520 | 01.00]
	[13 5.00 01-DEC-2028] => 102.300 | 01.00]
	[14 5.00 01-DEC-2029] => 101.390 | 01.00]
	[15 5.25 01-FEB-2028] => 101.685 | 01.00]
	[16 4.00 01-SEP-2027] => 101.458 | 01.00]
	[17 5.00 01-OCT-2029] => 104.180 | 01.00]
	[18 5.00 01-SEP-2028] => 102.138 | 01.00]
	[19 5.00 01-OCT-2028] => 101.613 | 01.00]
	[20 5.00 15-FEB-2028] => 101.566 | 01.00]
	[21 4.00 15-FEB-2029] => 099.308 | 01.00]
	[22 5.00 01-AUG-2029] => 102.160 | 01.00]
	[23 5.00 01-DEC-2031] => 102.393 | 01.00]
	[24 5.00 15-JUL-2030] => 101.789 | 01.00]
	[25 5.00 15-OCT-2029] => 103.519 | 01.00]
	[26 5.00 15-JUN-2031] => 102.508 | 01.00]
	[27 5.00 15-FEB-2030] => 102.500 | 01.00]
	[28 5.00 01-DEC-2031] => 104.367 | 01.00]
	[29 5.00 15-SEP-2031] => 103.830 | 01.00]
	[30 5.00 01-DEC-2031] => 104.428 | 01.00]
	[31 5.00 15-FEB-2029] => 103.139 | 01.00]
	[32 4.00 15-FEB-2031] => 100.930 | 01.00]
	[33 5.00 15-FEB-2031] => 102.911 | 01.00]
	[34 4.00 01-MAR-2029] => 100.997 | 01.00]
	[35 5.00 01-DEC-2029] => 103.406 | 01.00]
	[36 5.00 15-AUG-2031] => 104.846 | 01.00]
	[37 5.00 01-AUG-2031] => 102.660 | 01.00]
	[38 4.00 01-NOV-2029] => 102.299 | 01.00]
	[39 5.00 15-FEB-2030] => 102.717 | 01.00]
	[40 5.00 15-NOV-2030] => 101.733 | 01.00]
	[41 5.00 15-FEB-2033] => 104.480 | 01.00]
	[42 5.00 01-DEC-2031] => 102.393 | 01.00]
	[43 5.00 01-SEP-2033] => 106.315 | 01.00]
	[44 5.00 15-JUL-2030] => 101.789 | 01.00]
	[45 5.00 01-AUG-2033] => 106.279 | 01.00]
	[46 3.00 01-AUG-2033] => 091.858 | 01.00]
	[47 5.00 15-FEB-2033] => 104.370 | 01.00]
	[48 5.00 15-JUN-2031] => 102.508 | 01.00]
	[49 4.00 01-DEC-2033] => 096.755 | 01.00]
	[50 5.00 01-DEC-2031] => 104.367 | 01.00]
	[51 5.00 15-SEP-2031] => 103.830 | 01.00]
	[52 5.00 01-DEC-2031] => 104.428 | 01.00]
	[53 3.00 01-AUG-2033] => 090.860 | 01.00]
	[54 5.00 01-AUG-2032] => 104.339 | 01.00]
	[55 5.00 01-JUN-2032] => 104.219 | 01.00]
	[56 4.00 01-DEC-2033] => 097.556 | 01.00]
	[57 4.00 15-FEB-2031] => 100.930 | 01.00]
	[58 5.00 01-DEC-2033] => 100.840 | 01.00]
	[59 5.00 01-AUG-2032] => 104.178 | 01.00]
	[60 5.00 01-MAR-2032] => 104.380 | 01.00]
	[61 5.00 01-FEB-2038] => 101.599 | 01.00]
	[62 5.00 01-APR-2034] => 101.605 | 01.00]
	[63 5.00 01-DEC-2034] => 102.507 | 01.00]
	[64 5.00 15-FEB-2037] => 101.913 | 01.00]
	[65 5.00 01-FEB-2035] => 102.910 | 01.00]
	[66 5.00 15-FEB-2035] => 104.250 | 01.00]
	[67 4.00 15-AUG-2037] => 099.777 | 01.00]
	[68 4.00 15-AUG-2037] => 099.777 | 01.00]
	[69 5.00 01-MAR-2035] => 104.901 | 01.00]
	[70 5.00 01-FEB-2035] => 102.229 | 01.00]
	[71 5.00 15-FEB-2035] => 104.000 | 01.00]
	[72 5.00 01-JUN-2035] => 104.793 | 01.00]
	[73 5.00 01-AUG-2037] => 103.608 | 01.00]
	[74 5.00 01-JUL-2037] => 104.596 | 01.00]
	[75 5.00 01-FEB-2035] => 104.502 | 01.00]
	[76 4.00 15-FEB-2038] => 094.301 | 01.00]
	[77 5.00 01-OCT-2037] => 103.848 | 01.00]
	[78 5.00 01-AUG-2037] => 101.030 | 01.00]
	[79 5.00 01-AUG-2034] => 103.580 | 01.00]
	[80 5.00 15-AUG-2038] => 101.825 | 01.00]
	[81 5.00 01-FEB-2038] => 101.599 | 01.00]
	[82 4.00 15-AUG-2037] => 099.777 | 01.00]
	[83 5.00 01-JUL-2040] => 099.500 | 01.00]
	[84 5.00 15-FEB-2042] => 100.098 | 01.00]
	[85 5.00 01-JUL-2040] => 102.153 | 01.00]
	[86 5.00 01-AUG-2037] => 103.608 | 01.00]
	[87 5.00 01-JUL-2037] => 104.596 | 01.00]
	[88 4.00 01-DEC-2039] => 085.921 | 01.00]
	[89 5.00 15-JUN-2041] => 100.404 | 01.00]
	[90 4.00 15-FEB-2038] => 094.301 | 01.00]
	[91 5.00 01-OCT-2037] => 103.848 | 01.00]
	[92 5.00 01-AUG-2037] => 101.030 | 01.00]
	[93 5.00 15-AUG-2038] => 101.825 | 01.00]
	[94 4.00 01-DEC-2037] => 091.511 | 01.00]
	[95 5.00 01-DEC-2039] => 100.105 | 01.00]
	[96 5.00 01-DEC-2041] => 100.679 | 01.00]
	[97 5.00 15-FEB-2042] => 101.206 | 01.00]
	[98 5.00 15-FEB-2041] => 101.307 | 01.00]
	[99 5.00 01-OCT-2038] => 103.807 | 01.00]
	[100 5.00 15-DEC-2041] => 102.546 | 01.00]
	[101 4.00 01-FEB-2043] => 087.590 | 01.00]
	[102 5.00 01-JUL-2040] => 099.500 | 01.00]
	[103 5.00 15-FEB-2042] => 100.098 | 01.00]
	[104 5.00 01-JUL-2040] => 102.153 | 01.00]
	[105 4.00 15-FEB-2044] => 086.216 | 01.00]
	[106 5.00 15-JUN-2041] => 100.404 | 01.00]
	[107 3.12 15-AUG-2044] => 074.209 | 01.00]
	[108 5.25 15-JUN-2044] => 103.386 | 01.00]
	[109 4.00 01-OCT-2044] => 090.202 | 01.00]
	[110 5.00 01-DEC-2041] => 100.679 | 01.00]
	[111 5.00 01-AUG-2042] => 101.398 | 01.00]
	[112 5.00 15-FEB-2042] => 101.206 | 01.00]
	[113 5.00 15-FEB-2041] => 101.307 | 01.00]
	[114 5.00 15-DEC-2041] => 102.546 | 01.00]
	[115 5.00 01-APR-2043] => 098.596 | 01.00]
	[116 4.00 01-AUG-2043] => 091.366 | 01.00]
	[117 5.25 01-DEC-2040] => 103.561 | 01.00]
	[118 4.00 01-AUG-2041] => 089.275 | 01.00]
	[119 5.00 01-AUG-2044] => 100.962 | 01.00]
	[120 4.00 01-AUG-2046] => 086.847 | 01.00]
	[121 5.00 15-FEB-2048] => 099.994 | 01.00]
	[122 4.00 15-JUN-2049] => 080.650 | 01.00]
	[123 4.00 01-AUG-2046] => 086.847 | 01.00]
	[124 4.00 01-APR-2045] => 084.923 | 01.00]
	[125 4.00 01-AUG-2047] => 082.634 | 01.00]
	[126 4.00 01-JUN-2047] => 085.130 | 01.00]
	[127 5.00 01-APR-2048] => 100.144 | 01.00]
	[128 5.00 01-SEP-2045] => 102.435 | 01.00]
	[129 5.00 01-OCT-2048] => 100.701 | 01.00]
	[130 4.00 01-OCT-2045] => 090.679 | 01.00]
	[131 5.00 15-SEP-2045] => 099.835 | 01.00]
	[132 5.00 01-FEB-2046] => 102.589 | 01.00]
	[133 4.00 01-FEB-2047] => 084.149 | 01.00]
	[134 5.00 01-FEB-2052] => 093.173 | 01.00]
	[135 4.62 15-JUN-2045] => 100.419 | 01.00]
	[136 5.00 01-JUL-2045] => 100.733 | 01.00]
	[137 5.00 15-FEB-2049] => 102.120 | 01.00]
	[138 5.00 15-AUG-2049] => 098.927 | 01.00]
	[139 5.00 15-SEP-2048] => 099.268 | 01.00]
	[140 5.25 15-FEB-2049] => 105.177 | 01.00]
	[141 5.00 15-MAR-2050] => 096.043 | 01.00]
	[142 5.25 15-MAR-2050] => 094.408 | 01.00]
	[143 5.00 15-JUN-2050] => 095.368 | 01.00]
	[144 5.00 01-DEC-2055] => 093.455 | 01.00]
	[145 5.00 15-FEB-2051] => 094.711 | 01.00]
	[146 5.00 15-FEB-2051] => 098.621 | 01.00]
	[147 4.25 01-FEB-2054] => 080.086 | 01.00]
	[148 5.25 01-FEB-2053] => 096.535 | 01.00]
	[149 5.00 01-AUG-2052] => 095.798 | 01.00]
	[150 5.25 01-DEC-2054] => 094.668 | 01.00]
	[151 4.50 15-MAY-2052] => 084.838 | 01.00]
	[152 5.00 01-JUN-2055] => 094.722 | 01.00]
	[153 5.25 01-AUG-2050] => 100.836 | 01.00]
	[154 5.25 15-JUN-2055] => 097.958 | 01.00]
	[155 5.00 01-DEC-2052] => 100.367 | 01.00]
	[156 4.50 15-AUG-2050] => 088.758 | 01.00]
	[157 4.25 01-AUG-2052] => 084.874 | 01.00]
	[158 4.00 01-JUN-2051] => 076.770 | 01.00]
	[159 5.00 15-MAR-2055] => 094.590 | 01.00]
	[160 5.00 01-JAN-2056] => 103.206 | 01.00]
	||  {Vertex Count => 80 | Lower Search Bound => 0.01 | Upper Search Bound => 0.09 | Incorporate Centroid => false | Tolerance => 1.e-06}
	||--------------------------------------------------||

	||-------------------------------------------------------------------------------------------------------------------------------||
	|| {0}: [Value:  0.000612; Vertex:  0.028197 | 0.052087 | 0.030287 | 0.071851 | 0.023363 | 0.042992 | 0.058935 | 0.058981 | 0.026210 | 0.057640 | 0.051628 | 0.069686 | 0.067586 | 0.052451 | 0.046654 | 0.064112 | 0.035981 | 0.054640 | 0.046244 | 0.062140 | 0.050379 | 0.068108 | 0.101593 | 0.061152 | 0.054207 | 0.055413 | 0.056459 | 0.057286 | 0.052455 | 0.045286] ||
	|| {0}: Cumulative Yield Vertex:    0.028197 | 0.040123 | 0.036842 | 0.045533 | 0.041082 | 0.041401 | 0.043894 | 0.045773 | 0.043591 | 0.044994 | 0.045596 | 0.047591 | 0.049122 | 0.049360 | 0.049179 | 0.050109 | 0.049276 | 0.049574 | 0.049399 | 0.050033 | 0.050050 | 0.050869 | 0.053047 | 0.053384 | 0.053417 | 0.053494 | 0.053603 | 0.053735 | 0.053691 | 0.053409 ||
	||-------------------------------------------------------------------------------------------------------------------------------||
	|| {0}:  01637 => 01132 | 0021 | 0484 | 0000 ||
	||-------------------------------------------------------------------------------------------------------------------------------||
	|| {1}: [Value:  0.000632; Vertex:  0.027473 | 0.053169 | 0.030719 | 0.066433 | 0.030379 | 0.040067 | 0.060448 | 0.046358 | 0.048976 | 0.058060 | 0.043188 | 0.052777 | 0.072597 | 0.059918 | 0.052856 | 0.058816 | 0.054624 | 0.042702 | 0.051525 | 0.060656 | 0.057317 | 0.058342 | 0.072710 | 0.061514 | 0.068070 | 0.049494 | 0.058027 | 0.058473 | 0.067831 | 0.046074] ||
	|| {1}: Cumulative Yield Vertex:    0.027473 | 0.040298 | 0.037103 | 0.044391 | 0.041583 | 0.041329 | 0.044048 | 0.044336 | 0.044851 | 0.046170 | 0.045899 | 0.046471 | 0.048468 | 0.049285 | 0.049523 | 0.050102 | 0.050367 | 0.049940 | 0.050023 | 0.050553 | 0.050875 | 0.051214 | 0.052143 | 0.052533 | 0.053152 | 0.053011 | 0.053196 | 0.053384 | 0.053880 | 0.053619 ||
	||-------------------------------------------------------------------------------------------------------------------------------||
	|| {1}:  01330 => 00855 | 0000 | 0475 | 0000 ||
	||-------------------------------------------------------------------------------------------------------------------------------||
	|| {2}: [Value:  0.000629; Vertex:  0.027820 | 0.052219 | 0.031821 | 0.064747 | 0.032649 | 0.036271 | 0.062319 | 0.053981 | 0.038093 | 0.050066 | 0.050613 | 0.070939 | 0.055091 | 0.065017 | 0.051185 | 0.055090 | 0.054175 | 0.041521 | 0.063399 | 0.065659 | 0.057417 | 0.059534 | 0.066819 | 0.054224 | 0.062167 | 0.053809 | 0.049077 | 0.055324 | 0.041041 | 0.056435] ||
	|| {2}: Cumulative Yield Vertex:    0.027820 | 0.040000 | 0.037272 | 0.044102 | 0.041807 | 0.040882 | 0.043928 | 0.045181 | 0.044393 | 0.044961 | 0.045474 | 0.047582 | 0.048159 | 0.049360 | 0.049482 | 0.049832 | 0.050087 | 0.049609 | 0.050332 | 0.051095 | 0.051396 | 0.051766 | 0.052417 | 0.052492 | 0.052878 | 0.052914 | 0.052772 | 0.052863 | 0.052455 | 0.052587 ||
	||-------------------------------------------------------------------------------------------------------------------------------||
	|| {2}:  01329 => 00852 | 0001 | 0476 | 0000 ||
	||-------------------------------------------------------------------------------------------------------------------------------||
	|| {3}: [Value:  0.000626; Vertex:  0.028355 | 0.051624 | 0.031772 | 0.066622 | 0.027665 | 0.047929 | 0.050727 | 0.058441 | 0.036213 | 0.052504 | 0.051321 | 0.057845 | 0.067624 | 0.061951 | 0.057600 | 0.037960 | 0.053940 | 0.057677 | 0.054015 | 0.069331 | 0.058660 | 0.053584 | 0.078209 | 0.057414 | 0.052828 | 0.055095 | 0.067855 | 0.067473 | 0.057237 | 0.042420] ||
	|| {3}: Cumulative Yield Vertex:    0.028355 | 0.039973 | 0.037238 | 0.044539 | 0.041155 | 0.042285 | 0.043488 | 0.045350 | 0.044333 | 0.045150 | 0.045710 | 0.046718 | 0.048318 | 0.049290 | 0.049843 | 0.049099 | 0.049383 | 0.049844 | 0.050063 | 0.051021 | 0.051384 | 0.051484 | 0.052638 | 0.052837 | 0.052837 | 0.052924 | 0.053474 | 0.053972 | 0.054085 | 0.053694 ||
	||-------------------------------------------------------------------------------------------------------------------------------||
	|| {3}:  01533 => 01053 | 0012 | 0468 | 0000 ||
	||-------------------------------------------------------------------------------------------------------------------------------||
	|| {4}: [Value:  0.000624; Vertex:  0.027771 | 0.052438 | 0.030874 | 0.069957 | 0.024276 | 0.044005 | 0.058871 | 0.054889 | 0.039144 | 0.041245 | 0.061953 | 0.063835 | 0.072642 | 0.039550 | 0.061160 | 0.058260 | 0.053631 | 0.038193 | 0.054658 | 0.070427 | 0.066149 | 0.059741 | 0.046100 | 0.064955 | 0.058651 | 0.069939 | 0.060821 | 0.055449 | 0.031255 | 0.056479] ||
	|| {4}: Cumulative Yield Vertex:    0.027771 | 0.040084 | 0.037012 | 0.045193 | 0.040995 | 0.041497 | 0.043968 | 0.045329 | 0.044641 | 0.044301 | 0.045898 | 0.047386 | 0.049317 | 0.048616 | 0.049449 | 0.049999 | 0.050212 | 0.049541 | 0.049810 | 0.050835 | 0.051561 | 0.051933 | 0.051679 | 0.052230 | 0.052487 | 0.053156 | 0.053440 | 0.053511 | 0.052740 | 0.052865 ||
	||-------------------------------------------------------------------------------------------------------------------------------||
	|| {4}:  01871 => 01374 | 0009 | 0488 | 0000 ||
	||-------------------------------------------------------------------------------------------------------------------------------||
	|| {5}: [Value:  0.000623; Vertex:  0.027887 | 0.052318 | 0.031226 | 0.068016 | 0.026209 | 0.047238 | 0.052578 | 0.057350 | 0.042759 | 0.047441 | 0.042690 | 0.076898 | 0.063404 | 0.055022 | 0.052387 | 0.061391 | 0.041874 | 0.049701 | 0.054015 | 0.049728 | 0.052736 | 0.083018 | 0.066268 | 0.087475 | 0.040890 | 0.039913 | 0.061487 | 0.062835 | 0.057802 | 0.048377] ||
	|| {5}: Cumulative Yield Vertex:    0.027887 | 0.040082 | 0.037129 | 0.044802 | 0.041072 | 0.042100 | 0.043592 | 0.045306 | 0.045023 | 0.045265 | 0.045031 | 0.047666 | 0.048872 | 0.049311 | 0.049516 | 0.050256 | 0.049762 | 0.049759 | 0.049982 | 0.049969 | 0.050101 | 0.051589 | 0.052224 | 0.053680 | 0.053167 | 0.052655 | 0.052981 | 0.053332 | 0.053486 | 0.053315 ||
	||-------------------------------------------------------------------------------------------------------------------------------||
	|| {5}:  01431 => 00965 | 0008 | 0458 | 0000 ||
	||-------------------------------------------------------------------------------------------------------------------------------||
	|| {6}: [Value:  0.000619; Vertex:  0.028036 | 0.052294 | 0.030608 | 0.069264 | 0.024949 | 0.049891 | 0.049705 | 0.056219 | 0.039900 | 0.047310 | 0.054004 | 0.069942 | 0.068806 | 0.049536 | 0.053980 | 0.051219 | 0.045730 | 0.050295 | 0.054215 | 0.059447 | 0.060198 | 0.072102 | 0.066357 | 0.060940 | 0.061752 | 0.058651 | 0.059346 | 0.059703 | 0.038008 | 0.066316] ||
	|| {6}: Cumulative Yield Vertex:    0.028036 | 0.040146 | 0.036964 | 0.044986 | 0.040965 | 0.042453 | 0.043487 | 0.045073 | 0.044498 | 0.044779 | 0.045616 | 0.047631 | 0.049251 | 0.049271 | 0.049584 | 0.049686 | 0.049454 | 0.049500 | 0.049748 | 0.050232 | 0.050705 | 0.051675 | 0.052310 | 0.052669 | 0.053031 | 0.053248 | 0.053473 | 0.053695 | 0.053152 | 0.053591 ||
	||-------------------------------------------------------------------------------------------------------------------------------||
	|| {6}:  01517 => 01047 | 0007 | 0463 | 0000 ||
	||-------------------------------------------------------------------------------------------------------------------------------||
	|| {7}: [Value:  0.000628; Vertex:  0.027870 | 0.052573 | 0.030461 | 0.070013 | 0.024377 | 0.048062 | 0.051440 | 0.060530 | 0.029280 | 0.063491 | 0.046866 | 0.063362 | 0.053350 | 0.071312 | 0.038431 | 0.066435 | 0.054267 | 0.042113 | 0.053770 | 0.066953 | 0.076646 | 0.050231 | 0.057921 | 0.068841 | 0.048077 | 0.069776 | 0.030806 | 0.052265 | 0.052543 | 0.048280] ||
	|| {7}: Cumulative Yield Vertex:    0.027870 | 0.040201 | 0.036952 | 0.045162 | 0.040990 | 0.042169 | 0.043490 | 0.045611 | 0.043791 | 0.045756 | 0.045857 | 0.047309 | 0.047773 | 0.049449 | 0.048713 | 0.049815 | 0.050077 | 0.049632 | 0.049850 | 0.050701 | 0.051928 | 0.051851 | 0.052114 | 0.052808 | 0.052619 | 0.053277 | 0.052441 | 0.052435 | 0.052439 | 0.052300 ||
	||-------------------------------------------------------------------------------------------------------------------------------||
	|| {7}:  01479 => 01014 | 0010 | 0455 | 0000 ||
	||-------------------------------------------------------------------------------------------------------------------------------||
	|| {8}: [Value:  0.000632; Vertex:  0.028351 | 0.051436 | 0.032184 | 0.065495 | 0.032052 | 0.035764 | 0.062571 | 0.047647 | 0.049832 | 0.055361 | 0.040041 | 0.068978 | 0.071225 | 0.051603 | 0.045971 | 0.060936 | 0.043455 | 0.055336 | 0.055884 | 0.057117 | 0.074105 | 0.067685 | 0.058837 | 0.042199 | 0.066077 | 0.048529 | 0.057428 | 0.045728 | 0.040158 | 0.051197] ||
	|| {8}: Cumulative Yield Vertex:    0.028351 | 0.039877 | 0.037312 | 0.044316 | 0.041859 | 0.040840 | 0.043928 | 0.044392 | 0.044996 | 0.046032 | 0.045487 | 0.047433 | 0.049252 | 0.049420 | 0.049190 | 0.049922 | 0.049541 | 0.049863 | 0.050180 | 0.050526 | 0.051642 | 0.052370 | 0.052650 | 0.052214 | 0.052766 | 0.052603 | 0.052781 | 0.052529 | 0.052102 | 0.052071 ||
	||-------------------------------------------------------------------------------------------------------------------------------||
	|| {8}:  01445 => 00971 | 0001 | 0473 | 0000 ||
	||-------------------------------------------------------------------------------------------------------------------------------||
	|| {9}: [Value:  0.000625; Vertex:  0.027804 | 0.052762 | 0.030253 | 0.068808 | 0.028032 | 0.042397 | 0.052234 | 0.055408 | 0.049977 | 0.048075 | 0.046567 | 0.069012 | 0.067683 | 0.051127 | 0.051377 | 0.054064 | 0.049517 | 0.047873 | 0.055334 | 0.064468 | 0.078155 | 0.055381 | 0.060598 | 0.062910 | 0.048053 | 0.060394 | 0.062657 | 0.061875 | 0.054100 | 0.041970] ||
	|| {9}: Cumulative Yield Vertex:    0.027804 | 0.040262 | 0.036923 | 0.044843 | 0.041471 | 0.041626 | 0.043137 | 0.044666 | 0.045255 | 0.045537 | 0.045631 | 0.047568 | 0.049107 | 0.049252 | 0.049393 | 0.049684 | 0.049675 | 0.049574 | 0.049877 | 0.050603 | 0.051906 | 0.052064 | 0.052434 | 0.052870 | 0.052677 | 0.052974 | 0.053331 | 0.053636 | 0.053652 | 0.053260 ||
	||-------------------------------------------------------------------------------------------------------------------------------||
	|| {9}:  01242 => 00774 | 0008 | 0460 | 0000 ||
	||-------------------------------------------------------------------------------------------------------------------------------||
	|| {10}: [Value:  0.000629; Vertex:  0.028328 | 0.051713 | 0.031451 | 0.067703 | 0.027017 | 0.042155 | 0.060297 | 0.055287 | 0.040882 | 0.042271 | 0.054662 | 0.066286 | 0.068454 | 0.055096 | 0.045850 | 0.053554 | 0.055065 | 0.049244 | 0.063791 | 0.069603 | 0.058015 | 0.060968 | 0.059040 | 0.053414 | 0.056287 | 0.055559 | 0.059310 | 0.047926 | 0.052197 | 0.053308] ||
	|| {10}: Cumulative Yield Vertex:    0.028328 | 0.040003 | 0.037151 | 0.044741 | 0.041186 | 0.041348 | 0.044042 | 0.045443 | 0.044936 | 0.044669 | 0.045575 | 0.047292 | 0.048911 | 0.049353 | 0.049119 | 0.049396 | 0.049729 | 0.049702 | 0.050440 | 0.051394 | 0.051708 | 0.052129 | 0.052429 | 0.052470 | 0.052622 | 0.052735 | 0.052978 | 0.052798 | 0.052777 | 0.052795 ||
	||-------------------------------------------------------------------------------------------------------------------------------||
	|| {10}:  01603 => 01122 | 0012 | 0469 | 0000 ||
	||-------------------------------------------------------------------------------------------------------------------------------||
	|| {11}: [Value:  0.000622; Vertex:  0.028054 | 0.052251 | 0.030807 | 0.068367 | 0.027032 | 0.045623 | 0.050770 | 0.061346 | 0.044138 | 0.045058 | 0.045188 | 0.073617 | 0.077766 | 0.035637 | 0.045293 | 0.064109 | 0.054883 | 0.058159 | 0.049048 | 0.065318 | 0.063729 | 0.054987 | 0.053342 | 0.057565 | 0.070966 | 0.050817 | 0.058339 | 0.061112 | 0.059435 | 0.041016] ||
	|| {11}: Cumulative Yield Vertex:    0.028054 | 0.040133 | 0.037022 | 0.044808 | 0.041242 | 0.041973 | 0.043226 | 0.045481 | 0.045332 | 0.045305 | 0.045294 | 0.047638 | 0.049938 | 0.048911 | 0.048670 | 0.049631 | 0.049939 | 0.050396 | 0.050325 | 0.051072 | 0.051672 | 0.051823 | 0.051889 | 0.052125 | 0.052875 | 0.052796 | 0.053001 | 0.053289 | 0.053501 | 0.053083 ||
	||-------------------------------------------------------------------------------------------------------------------------------||
	|| {11}:  01728 => 01252 | 0003 | 0473 | 0000 ||
	||-------------------------------------------------------------------------------------------------------------------------------||
	|| {12}: [Value:  0.000627; Vertex:  0.028109 | 0.051953 | 0.031287 | 0.069000 | 0.026500 | 0.039420 | 0.060178 | 0.057444 | 0.046136 | 0.048773 | 0.045600 | 0.061090 | 0.069588 | 0.054256 | 0.046081 | 0.042646 | 0.061856 | 0.059133 | 0.050382 | 0.073504 | 0.065395 | 0.048526 | 0.076646 | 0.054792 | 0.059734 | 0.046838 | 0.054114 | 0.057889 | 0.057128 | 0.047250] ||
	|| {12}: Cumulative Yield Vertex:    0.028109 | 0.040013 | 0.037103 | 0.045025 | 0.041309 | 0.040993 | 0.043721 | 0.045430 | 0.045508 | 0.045835 | 0.045814 | 0.047082 | 0.048803 | 0.049193 | 0.048985 | 0.048589 | 0.049366 | 0.049909 | 0.049934 | 0.051105 | 0.051783 | 0.051634 | 0.052715 | 0.052801 | 0.053078 | 0.052837 | 0.052884 | 0.053063 | 0.053203 | 0.053004 ||
	||-------------------------------------------------------------------------------------------------------------------------------||
	|| {12}:  01674 => 01188 | 0008 | 0478 | 0000 ||
	||-------------------------------------------------------------------------------------------------------------------------------||
	|| {13}: [Value:  0.000638; Vertex:  0.028342 | 0.051444 | 0.031603 | 0.068878 | 0.026856 | 0.043265 | 0.052628 | 0.054031 | 0.059108 | 0.040222 | 0.044138 | 0.071138 | 0.063616 | 0.057688 | 0.048558 | 0.045923 | 0.050073 | 0.063615 | 0.057839 | 0.050516 | 0.065120 | 0.070812 | 0.062008 | 0.044418 | 0.063505 | 0.054756 | 0.053469 | 0.054521 | 0.055960 | 0.052251] ||
	|| {13}: Cumulative Yield Vertex:    0.028342 | 0.039876 | 0.037117 | 0.045006 | 0.041365 | 0.041682 | 0.043241 | 0.044585 | 0.046193 | 0.045594 | 0.045462 | 0.047588 | 0.048815 | 0.049449 | 0.049390 | 0.049173 | 0.049226 | 0.050024 | 0.050435 | 0.050439 | 0.051135 | 0.052027 | 0.052460 | 0.052124 | 0.052578 | 0.052662 | 0.052692 | 0.052757 | 0.052867 | 0.052847 ||
	||-------------------------------------------------------------------------------------------------------------------------------||
	|| {13}:  01383 => 00904 | 0006 | 0473 | 0000 ||
	||-------------------------------------------------------------------------------------------------------------------------------||
	|| {14}: [Value:  0.000627; Vertex:  0.028088 | 0.051611 | 0.032627 | 0.063504 | 0.032337 | 0.042631 | 0.051665 | 0.058597 | 0.046818 | 0.042078 | 0.051703 | 0.061840 | 0.069054 | 0.059315 | 0.049312 | 0.055762 | 0.049755 | 0.046682 | 0.056740 | 0.060272 | 0.070323 | 0.059460 | 0.070821 | 0.059790 | 0.064415 | 0.057100 | 0.041480 | 0.051002 | 0.059188 | 0.050578] ||
	|| {14}: Cumulative Yield Vertex:    0.028088 | 0.039832 | 0.037430 | 0.043913 | 0.041594 | 0.041767 | 0.043177 | 0.045097 | 0.045288 | 0.044966 | 0.045577 | 0.046926 | 0.048619 | 0.049383 | 0.049378 | 0.049776 | 0.049775 | 0.049603 | 0.049977 | 0.050491 | 0.051430 | 0.051795 | 0.052618 | 0.052916 | 0.053375 | 0.053518 | 0.053071 | 0.052997 | 0.053210 | 0.053122 ||
	||-------------------------------------------------------------------------------------------------------------------------------||
	|| {14}:  01246 => 00767 | 0000 | 0479 | 0000 ||
	||-------------------------------------------------------------------------------------------------------------------------------||
	|| {15}: [Value:  0.000633; Vertex:  0.028044 | 0.052344 | 0.030500 | 0.070354 | 0.024563 | 0.043368 | 0.059740 | 0.051911 | 0.047053 | 0.034415 | 0.062284 | 0.066987 | 0.060428 | 0.042760 | 0.069041 | 0.047856 | 0.058975 | 0.050656 | 0.055236 | 0.057816 | 0.064448 | 0.059666 | 0.072745 | 0.053465 | 0.061047 | 0.048628 | 0.045992 | 0.061207 | 0.056338 | 0.057278] ||
	|| {15}: Cumulative Yield Vertex:    0.028044 | 0.040175 | 0.036948 | 0.045242 | 0.041092 | 0.041472 | 0.044070 | 0.045048 | 0.045270 | 0.044180 | 0.045818 | 0.047573 | 0.048558 | 0.048142 | 0.049528 | 0.049424 | 0.049984 | 0.050021 | 0.050295 | 0.050670 | 0.051324 | 0.051703 | 0.052613 | 0.052648 | 0.052983 | 0.052815 | 0.052562 | 0.052870 | 0.052990 | 0.053133 ||
	||-------------------------------------------------------------------------------------------------------------------------------||
	|| {15}:  01599 => 01128 | 0003 | 0468 | 0000 ||
	||-------------------------------------------------------------------------------------------------------------------------------||
	|| {16}: [Value:  0.000626; Vertex:  0.028076 | 0.052143 | 0.030880 | 0.069191 | 0.025619 | 0.044420 | 0.056375 | 0.055155 | 0.043210 | 0.050441 | 0.042829 | 0.077966 | 0.055009 | 0.057024 | 0.056926 | 0.061142 | 0.049001 | 0.054664 | 0.038358 | 0.055509 | 0.065361 | 0.059128 | 0.067695 | 0.054728 | 0.045857 | 0.081681 | 0.068907 | 0.064422 | 0.051839 | 0.043587] ||
	|| {16}: Cumulative Yield Vertex:    0.028076 | 0.040090 | 0.037018 | 0.045009 | 0.041118 | 0.041669 | 0.043762 | 0.045182 | 0.044963 | 0.045511 | 0.045267 | 0.047970 | 0.048511 | 0.049119 | 0.049638 | 0.050355 | 0.050275 | 0.050519 | 0.049878 | 0.050159 | 0.050880 | 0.051255 | 0.051966 | 0.052081 | 0.051832 | 0.052974 | 0.053562 | 0.053948 | 0.053876 | 0.053531 ||
	||-------------------------------------------------------------------------------------------------------------------------------||
	|| {16}:  01566 => 01080 | 0011 | 0475 | 0000 ||
	||-------------------------------------------------------------------------------------------------------------------------------||
	|| {17}: [Value:  0.000643; Vertex:  0.028264 | 0.051714 | 0.031803 | 0.066437 | 0.028905 | 0.045175 | 0.049776 | 0.054836 | 0.061403 | 0.043109 | 0.042374 | 0.061671 | 0.054331 | 0.062866 | 0.052256 | 0.065794 | 0.050078 | 0.050544 | 0.052729 | 0.046549 | 0.090701 | 0.057883 | 0.057091 | 0.066475 | 0.055039 | 0.061070 | 0.057796 | 0.041091 | 0.053301 | 0.042536] ||
	|| {17}: Cumulative Yield Vertex:    0.028264 | 0.039971 | 0.037247 | 0.044501 | 0.041374 | 0.042008 | 0.043115 | 0.044576 | 0.046437 | 0.046104 | 0.045765 | 0.047085 | 0.047641 | 0.048727 | 0.048962 | 0.050009 | 0.050013 | 0.050042 | 0.050184 | 0.050002 | 0.051921 | 0.052192 | 0.052404 | 0.052988 | 0.053070 | 0.053378 | 0.053541 | 0.053096 | 0.053103 | 0.052749 ||
	||-------------------------------------------------------------------------------------------------------------------------------||
	|| {17}:  01439 => 00962 | 0014 | 0463 | 0000 ||
	||-------------------------------------------------------------------------------------------------------------------------------||
	|| {18}: [Value:  0.000624; Vertex:  0.028072 | 0.051997 | 0.031073 | 0.070252 | 0.023525 | 0.048035 | 0.051275 | 0.057366 | 0.050588 | 0.035976 | 0.054270 | 0.069365 | 0.061450 | 0.047868 | 0.060446 | 0.048505 | 0.057101 | 0.056399 | 0.043700 | 0.066148 | 0.061234 | 0.056074 | 0.069559 | 0.070220 | 0.067831 | 0.055865 | 0.049499 | 0.042377 | 0.039985 | 0.059666] ||
	|| {18}: Cumulative Yield Vertex:    0.028072 | 0.040016 | 0.037033 | 0.045282 | 0.040914 | 0.042101 | 0.043408 | 0.045147 | 0.045750 | 0.044769 | 0.045630 | 0.047596 | 0.048658 | 0.048601 | 0.049388 | 0.049333 | 0.049789 | 0.050156 | 0.049816 | 0.050629 | 0.051133 | 0.051357 | 0.052145 | 0.052894 | 0.053489 | 0.053581 | 0.053430 | 0.053034 | 0.052583 | 0.052819 ||
	||-------------------------------------------------------------------------------------------------------------------------------||
	|| {18}:  01697 => 01211 | 0007 | 0479 | 0000 ||
	||-------------------------------------------------------------------------------------------------------------------------------||
	|| {19}: [Value:  0.000613; Vertex:  0.028046 | 0.052058 | 0.031348 | 0.068304 | 0.027092 | 0.040357 | 0.061799 | 0.055466 | 0.026189 | 0.063443 | 0.049958 | 0.078430 | 0.057192 | 0.047363 | 0.042530 | 0.058509 | 0.050165 | 0.063379 | 0.046590 | 0.082894 | 0.035711 | 0.067687 | 0.071660 | 0.067743 | 0.065911 | 0.059594 | 0.051085 | 0.061474 | 0.046345 | 0.035955] ||
	|| {19}: Cumulative Yield Vertex:    0.028046 | 0.040033 | 0.037137 | 0.044879 | 0.041311 | 0.041152 | 0.044086 | 0.045504 | 0.043350 | 0.045355 | 0.045772 | 0.048472 | 0.049141 | 0.049014 | 0.048581 | 0.049200 | 0.049257 | 0.050040 | 0.049859 | 0.051497 | 0.050743 | 0.051512 | 0.052383 | 0.053020 | 0.053534 | 0.053767 | 0.053668 | 0.053946 | 0.053684 | 0.053089 ||
	||-------------------------------------------------------------------------------------------------------------------------------||
	|| {19}:  01532 => 01062 | 0009 | 0461 | 0000 ||
	||-------------------------------------------------------------------------------------------------------------------------------||

	|-----------------------------------------------------------------|
	|    Copyright (C) 2011-2026 (DRIP, DROP)
	|-----------------------------------------------------------------|
	|    Build Version  => 8.01.0 multi
	|    Build JVM (TM) => 15.0.1+9-18 mixed mode, sharing
	|    Build Snap     => Sat Sep 26 23:09:04 EST 2026
	|    Start Time     => Fri Oct 02 15:18:33 EDT 2026
	|    Setup Time     => Fri Oct 02 15:18:34 EDT 2026
	|    Finish Time    => Fri Oct 02 15:23:20 EDT 2026
	|    Setup Duration => 912 ms
	|    Run Duration   => 4 m 46 s 814 ms
	|-----------------------------------------------------------------|

