
	|-----------------------------------------------------------------|
	|    Copyright (C) 2011-2026 (DRIP, DROP)
	|-----------------------------------------------------------------|
	|    Build Version  => 8.01.0 multi
	|    Build JVM (TM) => 15.0.1+9-18 mixed mode, sharing
	|    Build Snap     => Sat Sep 26 23:09:04 EST 2026
	|    Start Time     => Fri Oct 02 09:14:22 EDT 2026
	|    Setup Time     => Fri Oct 02 09:14:23 EDT 2026
	|    Setup Duration => 930 ms
	|-----------------------------------------------------------------|

	||--------------------------------------------------||
	|| Multi-Bond Curve Calibrator => Multi-Bond Least-squares Function: {25-SEP-2026, USD, UST, 1} {Pillar Dates: 25-SEP-2027, 25-SEP-2028, 25-SEP-2029, 25-SEP-2030, 25-SEP-2031, 25-SEP-2032, 25-SEP-2033, 25-SEP-2034, 25-SEP-2035, 25-SEP-2036, 25-SEP-2037, 25-SEP-2038, 25-SEP-2039, 25-SEP-2040, 25-SEP-2041, 25-SEP-2042, 25-SEP-2043, 25-SEP-2044, 25-SEP-2045, 25-SEP-2046, 25-SEP-2047, 25-SEP-2048, 25-SEP-2049, 25-SEP-2050, 25-SEP-2051, 25-SEP-2052, 25-SEP-2053, 25-SEP-2054, 25-SEP-2055, 25-SEP-2056, };
Calibration Components:
	[1 4.00 15-FEB-2029] => 099.908 | 01.00]
	[2 5.00 01-AUG-2029] => 102.160 | 01.00]
	[3 5.00 15-OCT-2029] => 103.519 | 01.00]
	[4 5.00 15-FEB-2030] => 102.500 | 01.00]
	[5 5.00 15-FEB-2029] => 103.139 | 01.00]
	[6 4.00 01-MAR-2029] => 100.997 | 01.00]
	[7 5.00 01-DEC-2029] => 103.406 | 01.00]
	[8 4.00 01-NOV-2029] => 102.299 | 01.00]
	[9 5.00 15-FEB-2030] => 102.717 | 01.00]
	[10 5.00 01-OCT-2028] => 102.911 | 01.00]
	[11 5.00 01-DEC-2028] => 101.912 | 01.00]
	[12 5.00 15-FEB-2029] => 102.520 | 01.00]
	[13 5.00 01-DEC-2028] => 102.300 | 01.00]
	[14 5.00 01-DEC-2029] => 101.390 | 01.00]
	[15 5.25 01-FEB-2028] => 101.685 | 01.00]
	[16 4.00 01-SEP-2027] => 101.458 | 01.00]
	[17 5.00 01-OCT-2029] => 104.180 | 01.00]
	[18 5.00 01-SEP-2028] => 102.138 | 01.00]
	[19 5.00 01-OCT-2028] => 101.613 | 01.00]
	[20 5.00 15-FEB-2028] => 101.566 | 01.00]
	[21 4.00 15-FEB-2029] => 099.308 | 01.00]
	[22 5.00 01-AUG-2029] => 102.160 | 01.00]
	[23 5.00 01-DEC-2031] => 102.393 | 01.00]
	[24 5.00 15-JUL-2030] => 101.789 | 01.00]
	[25 5.00 15-OCT-2029] => 103.519 | 01.00]
	[26 5.00 15-JUN-2031] => 102.508 | 01.00]
	[27 5.00 15-FEB-2030] => 102.500 | 01.00]
	[28 5.00 01-DEC-2031] => 104.367 | 01.00]
	[29 5.00 15-SEP-2031] => 103.830 | 01.00]
	[30 5.00 01-DEC-2031] => 104.428 | 01.00]
	[31 5.00 15-FEB-2029] => 103.139 | 01.00]
	[32 4.00 15-FEB-2031] => 100.930 | 01.00]
	[33 5.00 15-FEB-2031] => 102.911 | 01.00]
	[34 4.00 01-MAR-2029] => 100.997 | 01.00]
	[35 5.00 01-DEC-2029] => 103.406 | 01.00]
	[36 5.00 15-AUG-2031] => 104.846 | 01.00]
	[37 5.00 01-AUG-2031] => 102.660 | 01.00]
	[38 4.00 01-NOV-2029] => 102.299 | 01.00]
	[39 5.00 15-FEB-2030] => 102.717 | 01.00]
	[40 5.00 15-NOV-2030] => 101.733 | 01.00]
	[41 5.00 15-FEB-2033] => 104.480 | 01.00]
	[42 5.00 01-DEC-2031] => 102.393 | 01.00]
	[43 5.00 01-SEP-2033] => 106.315 | 01.00]
	[44 5.00 15-JUL-2030] => 101.789 | 01.00]
	[45 5.00 01-AUG-2033] => 106.279 | 01.00]
	[46 3.00 01-AUG-2033] => 091.858 | 01.00]
	[47 5.00 15-FEB-2033] => 104.370 | 01.00]
	[48 5.00 15-JUN-2031] => 102.508 | 01.00]
	[49 4.00 01-DEC-2033] => 096.755 | 01.00]
	[50 5.00 01-DEC-2031] => 104.367 | 01.00]
	[51 5.00 15-SEP-2031] => 103.830 | 01.00]
	[52 5.00 01-DEC-2031] => 104.428 | 01.00]
	[53 3.00 01-AUG-2033] => 090.860 | 01.00]
	[54 5.00 01-AUG-2032] => 104.339 | 01.00]
	[55 5.00 01-JUN-2032] => 104.219 | 01.00]
	[56 4.00 01-DEC-2033] => 097.556 | 01.00]
	[57 4.00 15-FEB-2031] => 100.930 | 01.00]
	[58 5.00 01-DEC-2033] => 100.840 | 01.00]
	[59 5.00 01-AUG-2032] => 104.178 | 01.00]
	[60 5.00 01-MAR-2032] => 104.380 | 01.00]
	[61 5.00 01-FEB-2038] => 101.599 | 01.00]
	[62 5.00 01-APR-2034] => 101.605 | 01.00]
	[63 5.00 01-DEC-2034] => 102.507 | 01.00]
	[64 5.00 15-FEB-2037] => 101.913 | 01.00]
	[65 5.00 01-FEB-2035] => 102.910 | 01.00]
	[66 5.00 15-FEB-2035] => 104.250 | 01.00]
	[67 4.00 15-AUG-2037] => 099.777 | 01.00]
	[68 4.00 15-AUG-2037] => 099.777 | 01.00]
	[69 5.00 01-MAR-2035] => 104.901 | 01.00]
	[70 5.00 01-FEB-2035] => 102.229 | 01.00]
	[71 5.00 15-FEB-2035] => 104.000 | 01.00]
	[72 5.00 01-JUN-2035] => 104.793 | 01.00]
	[73 5.00 01-AUG-2037] => 103.608 | 01.00]
	[74 5.00 01-JUL-2037] => 104.596 | 01.00]
	[75 5.00 01-FEB-2035] => 104.502 | 01.00]
	[76 4.00 15-FEB-2038] => 094.301 | 01.00]
	[77 5.00 01-OCT-2037] => 103.848 | 01.00]
	[78 5.00 01-AUG-2037] => 101.030 | 01.00]
	[79 5.00 01-AUG-2034] => 103.580 | 01.00]
	[80 5.00 15-AUG-2038] => 101.825 | 01.00]
	[81 5.00 01-FEB-2038] => 101.599 | 01.00]
	[82 4.00 15-AUG-2037] => 099.777 | 01.00]
	[83 5.00 01-JUL-2040] => 099.500 | 01.00]
	[84 5.00 15-FEB-2042] => 100.098 | 01.00]
	[85 5.00 01-JUL-2040] => 102.153 | 01.00]
	[86 5.00 01-AUG-2037] => 103.608 | 01.00]
	[87 5.00 01-JUL-2037] => 104.596 | 01.00]
	[88 4.00 01-DEC-2039] => 085.921 | 01.00]
	[89 5.00 15-JUN-2041] => 100.404 | 01.00]
	[90 4.00 15-FEB-2038] => 094.301 | 01.00]
	[91 5.00 01-OCT-2037] => 103.848 | 01.00]
	[92 5.00 01-AUG-2037] => 101.030 | 01.00]
	[93 5.00 15-AUG-2038] => 101.825 | 01.00]
	[94 4.00 01-DEC-2037] => 091.511 | 01.00]
	[95 5.00 01-DEC-2039] => 100.105 | 01.00]
	[96 5.00 01-DEC-2041] => 100.679 | 01.00]
	[97 5.00 15-FEB-2042] => 101.206 | 01.00]
	[98 5.00 15-FEB-2041] => 101.307 | 01.00]
	[99 5.00 01-OCT-2038] => 103.807 | 01.00]
	[100 5.00 15-DEC-2041] => 102.546 | 01.00]
	[101 4.00 01-FEB-2043] => 087.590 | 01.00]
	[102 5.00 01-JUL-2040] => 099.500 | 01.00]
	[103 5.00 15-FEB-2042] => 100.098 | 01.00]
	[104 5.00 01-JUL-2040] => 102.153 | 01.00]
	[105 4.00 15-FEB-2044] => 086.216 | 01.00]
	[106 5.00 15-JUN-2041] => 100.404 | 01.00]
	[107 3.12 15-AUG-2044] => 074.209 | 01.00]
	[108 5.25 15-JUN-2044] => 103.386 | 01.00]
	[109 4.00 01-OCT-2044] => 090.202 | 01.00]
	[110 5.00 01-DEC-2041] => 100.679 | 01.00]
	[111 5.00 01-AUG-2042] => 101.398 | 01.00]
	[112 5.00 15-FEB-2042] => 101.206 | 01.00]
	[113 5.00 15-FEB-2041] => 101.307 | 01.00]
	[114 5.00 15-DEC-2041] => 102.546 | 01.00]
	[115 5.00 01-APR-2043] => 098.596 | 01.00]
	[116 4.00 01-AUG-2043] => 091.366 | 01.00]
	[117 5.25 01-DEC-2040] => 103.561 | 01.00]
	[118 4.00 01-AUG-2041] => 089.275 | 01.00]
	[119 5.00 01-AUG-2044] => 100.962 | 01.00]
	[120 4.00 01-AUG-2046] => 086.847 | 01.00]
	[121 5.00 15-FEB-2048] => 099.994 | 01.00]
	[122 4.00 15-JUN-2049] => 080.650 | 01.00]
	[123 4.00 01-AUG-2046] => 086.847 | 01.00]
	[124 4.00 01-APR-2045] => 084.923 | 01.00]
	[125 4.00 01-AUG-2047] => 082.634 | 01.00]
	[126 4.00 01-JUN-2047] => 085.130 | 01.00]
	[127 5.00 01-APR-2048] => 100.144 | 01.00]
	[128 5.00 01-SEP-2045] => 102.435 | 01.00]
	[129 5.00 01-OCT-2048] => 100.701 | 01.00]
	[130 4.00 01-OCT-2045] => 090.679 | 01.00]
	[131 5.00 15-SEP-2045] => 099.835 | 01.00]
	[132 5.00 01-FEB-2046] => 102.589 | 01.00]
	[133 4.00 01-FEB-2047] => 084.149 | 01.00]
	[134 5.00 01-FEB-2052] => 093.173 | 01.00]
	[135 4.62 15-JUN-2045] => 100.419 | 01.00]
	[136 5.00 01-JUL-2045] => 100.733 | 01.00]
	[137 5.00 15-FEB-2049] => 102.120 | 01.00]
	[138 5.00 15-AUG-2049] => 098.927 | 01.00]
	[139 5.00 15-SEP-2048] => 099.268 | 01.00]
	[140 5.25 15-FEB-2049] => 105.177 | 01.00]
	[141 5.00 15-MAR-2050] => 096.043 | 01.00]
	[142 5.25 15-MAR-2050] => 094.408 | 01.00]
	[143 5.00 15-JUN-2050] => 095.368 | 01.00]
	[144 5.00 01-DEC-2055] => 093.455 | 01.00]
	[145 5.00 15-FEB-2051] => 094.711 | 01.00]
	[146 5.00 15-FEB-2051] => 098.621 | 01.00]
	[147 4.25 01-FEB-2054] => 080.086 | 01.00]
	[148 5.25 01-FEB-2053] => 096.535 | 01.00]
	[149 5.00 01-AUG-2052] => 095.798 | 01.00]
	[150 5.25 01-DEC-2054] => 094.668 | 01.00]
	[151 4.50 15-MAY-2052] => 084.838 | 01.00]
	[152 5.00 01-JUN-2055] => 094.722 | 01.00]
	[153 5.25 01-AUG-2050] => 100.836 | 01.00]
	[154 5.25 15-JUN-2055] => 097.958 | 01.00]
	[155 5.00 01-DEC-2052] => 100.367 | 01.00]
	[156 4.50 15-AUG-2050] => 088.758 | 01.00]
	[157 4.25 01-AUG-2052] => 084.874 | 01.00]
	[158 4.00 01-JUN-2051] => 076.770 | 01.00]
	[159 5.00 15-MAR-2055] => 094.590 | 01.00]
	[160 5.00 01-JAN-2056] => 103.206 | 01.00]
	||  {Vertex Count => 40 | Lower Search Bound => 0.01 | Upper Search Bound => 0.09 | Incorporate Centroid => false | Tolerance => 1e-06}
	||--------------------------------------------------||

	||-------------------------------------------------------------------------------------------------------------------------------||
	|| {0}: [Value:  0.000654; Vertex:  0.028260 | 0.051768 | 0.031656 | 0.068762 | 0.023587 | 0.048961 | 0.058263 | 0.044145 | 0.049454 | 0.044860 | 0.059199 | 0.051260 | 0.057120 | 0.065216 | 0.054067 | 0.053713 | 0.066125 | 0.044706 | 0.073061 | 0.057950 | 0.058924 | 0.034028 | 0.055623 | 0.083187 | 0.076398 | 0.037604 | 0.046427 | 0.052908 | 0.062030 | 0.063950] ||
	|| {0}: Cumulative Yield Vertex:    0.028260 | 0.039996 | 0.037215 | 0.045051 | 0.040742 | 0.042112 | 0.044410 | 0.044377 | 0.044940 | 0.044932 | 0.046224 | 0.046643 | 0.047446 | 0.048713 | 0.049069 | 0.049359 | 0.050341 | 0.050027 | 0.051232 | 0.051567 | 0.051916 | 0.051098 | 0.051295 | 0.052613 | 0.053558 | 0.052941 | 0.052700 | 0.052707 | 0.053028 | 0.053392 ||
	||-------------------------------------------------------------------------------------------------------------------------------||
	|| {0}:  00896 => 00652 | 0008 | 0236 | 0000 ||
	||-------------------------------------------------------------------------------------------------------------------------------||
	|| {1}: [Value:  0.000621; Vertex:  0.027896 | 0.052497 | 0.031122 | 0.066614 | 0.028573 | 0.044523 | 0.049561 | 0.066197 | 0.032491 | 0.060213 | 0.044265 | 0.064703 | 0.054368 | 0.069588 | 0.048266 | 0.037181 | 0.072560 | 0.036604 | 0.065651 | 0.068123 | 0.058992 | 0.042269 | 0.078718 | 0.081195 | 0.068239 | 0.048817 | 0.055908 | 0.043992 | 0.055148 | 0.071926] ||
	|| {1}: Cumulative Yield Vertex:    0.027896 | 0.040176 | 0.037157 | 0.044476 | 0.041287 | 0.041827 | 0.042929 | 0.045822 | 0.044337 | 0.045922 | 0.045771 | 0.047341 | 0.047881 | 0.049427 | 0.049349 | 0.048587 | 0.049989 | 0.049241 | 0.050101 | 0.050998 | 0.051378 | 0.050962 | 0.052160 | 0.053361 | 0.053954 | 0.053755 | 0.053835 | 0.053483 | 0.053540 | 0.054152 ||
	||-------------------------------------------------------------------------------------------------------------------------------||
	|| {1}:  00718 => 00487 | 0002 | 0229 | 0000 ||
	||-------------------------------------------------------------------------------------------------------------------------------||
	|| {2}: [Value:  0.000634; Vertex:  0.028578 | 0.051270 | 0.031177 | 0.070039 | 0.025969 | 0.036101 | 0.062290 | 0.055315 | 0.051537 | 0.043937 | 0.050774 | 0.059988 | 0.060706 | 0.043787 | 0.066195 | 0.063520 | 0.060507 | 0.032245 | 0.043122 | 0.076316 | 0.067466 | 0.056930 | 0.070349 | 0.079627 | 0.069542 | 0.029469 | 0.055259 | 0.041078 | 0.059146 | 0.021857] ||
	|| {2}: Cumulative Yield Vertex:    0.028578 | 0.039908 | 0.036996 | 0.045202 | 0.041343 | 0.040466 | 0.043568 | 0.045031 | 0.045753 | 0.045571 | 0.046043 | 0.047200 | 0.048236 | 0.047917 | 0.049129 | 0.050025 | 0.050640 | 0.049612 | 0.049270 | 0.050613 | 0.051412 | 0.051663 | 0.052471 | 0.053595 | 0.054230 | 0.053270 | 0.053344 | 0.052905 | 0.053119 | 0.052067 ||
	||-------------------------------------------------------------------------------------------------------------------------------||
	|| {2}:  00824 => 00567 | 0015 | 0242 | 0000 ||
	||-------------------------------------------------------------------------------------------------------------------------------||
	|| {3}: [Value:  0.000625; Vertex:  0.028365 | 0.051319 | 0.032751 | 0.063032 | 0.033442 | 0.038235 | 0.061328 | 0.044907 | 0.050866 | 0.045266 | 0.051117 | 0.069448 | 0.073410 | 0.056333 | 0.044351 | 0.056685 | 0.045889 | 0.038481 | 0.055610 | 0.072150 | 0.069306 | 0.057435 | 0.053576 | 0.066131 | 0.073001 | 0.068272 | 0.058568 | 0.054810 | 0.053690 | 0.058188] ||
	|| {3}: Cumulative Yield Vertex:    0.028365 | 0.039826 | 0.037467 | 0.043824 | 0.041744 | 0.041158 | 0.044025 | 0.044135 | 0.044881 | 0.044920 | 0.045482 | 0.047467 | 0.049450 | 0.049942 | 0.049569 | 0.050013 | 0.049770 | 0.049140 | 0.049480 | 0.050607 | 0.051493 | 0.051763 | 0.051842 | 0.052435 | 0.053253 | 0.053830 | 0.054005 | 0.054033 | 0.054022 | 0.054161 ||
	||-------------------------------------------------------------------------------------------------------------------------------||
	|| {3}:  00672 => 00443 | 0003 | 0226 | 0000 ||
	||-------------------------------------------------------------------------------------------------------------------------------||
	|| {4}: [Value:  0.000624; Vertex:  0.027734 | 0.052556 | 0.031449 | 0.065542 | 0.030803 | 0.035168 | 0.070976 | 0.042021 | 0.053225 | 0.028164 | 0.067083 | 0.069641 | 0.073073 | 0.042496 | 0.036743 | 0.060985 | 0.068342 | 0.064096 | 0.024175 | 0.066826 | 0.058585 | 0.052234 | 0.077148 | 0.058066 | 0.079843 | 0.063988 | 0.050632 | 0.082772 | 0.058087 | 0.036919] ||
	|| {4}: Cumulative Yield Vertex:    0.027734 | 0.040124 | 0.037231 | 0.044267 | 0.041569 | 0.040499 | 0.044821 | 0.044471 | 0.045442 | 0.043704 | 0.045817 | 0.047790 | 0.049723 | 0.049205 | 0.048372 | 0.049158 | 0.050281 | 0.051047 | 0.049625 | 0.050481 | 0.050866 | 0.050928 | 0.052061 | 0.052310 | 0.053404 | 0.053811 | 0.053693 | 0.054724 | 0.054840 | 0.054239 ||
	||-------------------------------------------------------------------------------------------------------------------------------||
	|| {4}:  00842 => 00595 | 0012 | 0235 | 0000 ||
	||-------------------------------------------------------------------------------------------------------------------------------||
	|| {5}: [Value:  0.000641; Vertex:  0.027804 | 0.052723 | 0.030762 | 0.068054 | 0.027627 | 0.042993 | 0.055788 | 0.055637 | 0.037763 | 0.059994 | 0.043445 | 0.053474 | 0.073963 | 0.051711 | 0.066320 | 0.059628 | 0.046686 | 0.056899 | 0.055748 | 0.028586 | 0.077073 | 0.065927 | 0.044850 | 0.086220 | 0.058348 | 0.055155 | 0.047402 | 0.037778 | 0.073161 | 0.044379] ||
	|| {5}: Cumulative Yield Vertex:    0.027804 | 0.040243 | 0.037080 | 0.044775 | 0.041335 | 0.041612 | 0.043630 | 0.045126 | 0.044307 | 0.045873 | 0.045652 | 0.046303 | 0.048416 | 0.048652 | 0.049824 | 0.050435 | 0.050214 | 0.050586 | 0.050857 | 0.049738 | 0.051031 | 0.051707 | 0.051409 | 0.052847 | 0.053066 | 0.053147 | 0.052934 | 0.052391 | 0.053103 | 0.052811 ||
	||-------------------------------------------------------------------------------------------------------------------------------||
	|| {5}:  00911 => 00667 | 0007 | 0237 | 0000 ||
	||-------------------------------------------------------------------------------------------------------------------------------||
	|| {6}: [Value:  0.000638; Vertex:  0.028078 | 0.052222 | 0.031074 | 0.067553 | 0.026400 | 0.048963 | 0.053359 | 0.047855 | 0.059775 | 0.051161 | 0.031763 | 0.063248 | 0.076597 | 0.056581 | 0.046825 | 0.054451 | 0.053810 | 0.046732 | 0.060612 | 0.058413 | 0.069097 | 0.069502 | 0.058641 | 0.058665 | 0.066124 | 0.028545 | 0.047445 | 0.049939 | 0.048181 | 0.055408] ||
	|| {6}: Cumulative Yield Vertex:    0.028078 | 0.040131 | 0.037110 | 0.044673 | 0.041008 | 0.042334 | 0.043904 | 0.044397 | 0.046099 | 0.046606 | 0.045253 | 0.046745 | 0.049025 | 0.049565 | 0.049382 | 0.049698 | 0.049940 | 0.049761 | 0.050330 | 0.050733 | 0.051604 | 0.052415 | 0.052686 | 0.052934 | 0.053460 | 0.052494 | 0.052307 | 0.052222 | 0.052083 | 0.052194 ||
	||-------------------------------------------------------------------------------------------------------------------------------||
	|| {6}:  00697 => 00459 | 0006 | 0232 | 0000 ||
	||-------------------------------------------------------------------------------------------------------------------------------||
	|| {7}: [Value:  0.000633; Vertex:  0.028139 | 0.052454 | 0.030772 | 0.065767 | 0.029742 | 0.040534 | 0.060197 | 0.052209 | 0.055856 | 0.057773 | 0.026906 | 0.062887 | 0.073235 | 0.056056 | 0.041770 | 0.049945 | 0.063474 | 0.048847 | 0.062893 | 0.053967 | 0.065228 | 0.054688 | 0.058711 | 0.054419 | 0.070274 | 0.083205 | 0.071555 | 0.029366 | 0.052327 | 0.064169] ||
	|| {7}: Cumulative Yield Vertex:    0.028139 | 0.040277 | 0.037107 | 0.044229 | 0.041325 | 0.041193 | 0.043895 | 0.044932 | 0.046142 | 0.047304 | 0.045443 | 0.046890 | 0.048903 | 0.049414 | 0.048904 | 0.048969 | 0.049819 | 0.049765 | 0.050453 | 0.050629 | 0.051321 | 0.051474 | 0.051788 | 0.051898 | 0.052629 | 0.053799 | 0.054454 | 0.053553 | 0.053511 | 0.053866 ||
	||-------------------------------------------------------------------------------------------------------------------------------||
	|| {7}:  00999 => 00735 | 0017 | 0247 | 0000 ||
	||-------------------------------------------------------------------------------------------------------------------------------||
	|| {8}: [Value:  0.000625; Vertex:  0.028469 | 0.051344 | 0.032677 | 0.062472 | 0.032439 | 0.042199 | 0.059336 | 0.057945 | 0.024584 | 0.047257 | 0.064608 | 0.059613 | 0.078527 | 0.042996 | 0.065922 | 0.042339 | 0.041373 | 0.042854 | 0.067725 | 0.075436 | 0.060510 | 0.059285 | 0.058617 | 0.061160 | 0.090668 | 0.041701 | 0.060968 | 0.086655 | 0.046726 | 0.055414] ||
	|| {8}: Cumulative Yield Vertex:    0.028469 | 0.039890 | 0.037485 | 0.043699 | 0.041443 | 0.041570 | 0.044096 | 0.045821 | 0.043452 | 0.043833 | 0.045711 | 0.046865 | 0.049282 | 0.048832 | 0.049966 | 0.049488 | 0.049011 | 0.048667 | 0.049665 | 0.050945 | 0.051399 | 0.051758 | 0.052055 | 0.052434 | 0.053949 | 0.053475 | 0.053752 | 0.054917 | 0.054635 | 0.054661 ||
	||-------------------------------------------------------------------------------------------------------------------------------||
	|| {8}:  00826 => 00589 | 0004 | 0233 | 0000 ||
	||-------------------------------------------------------------------------------------------------------------------------------||
	|| {9}: [Value:  0.000639; Vertex:  0.028234 | 0.052238 | 0.031226 | 0.065432 | 0.032286 | 0.035908 | 0.060708 | 0.057930 | 0.040960 | 0.051161 | 0.045388 | 0.060101 | 0.063395 | 0.065553 | 0.040834 | 0.061466 | 0.070442 | 0.037320 | 0.068943 | 0.066248 | 0.031346 | 0.069839 | 0.071074 | 0.047525 | 0.062114 | 0.067204 | 0.057101 | 0.047507 | 0.050524 | 0.059104] ||
	|| {9}: Cumulative Yield Vertex:    0.028234 | 0.040217 | 0.037219 | 0.044231 | 0.041838 | 0.040846 | 0.043670 | 0.045446 | 0.044947 | 0.045569 | 0.045552 | 0.046760 | 0.048034 | 0.049283 | 0.048719 | 0.049513 | 0.050737 | 0.049988 | 0.050980 | 0.051741 | 0.050765 | 0.051630 | 0.052471 | 0.052265 | 0.052658 | 0.053217 | 0.053360 | 0.053151 | 0.053060 | 0.053262 ||
	||-------------------------------------------------------------------------------------------------------------------------------||
	|| {9}:  00709 => 00475 | 0002 | 0232 | 0000 ||
	||-------------------------------------------------------------------------------------------------------------------------------||
	|| {10}: [Value:  0.000632; Vertex:  0.028021 | 0.052098 | 0.031349 | 0.067010 | 0.028405 | 0.046434 | 0.048117 | 0.062226 | 0.045083 | 0.053979 | 0.037611 | 0.069171 | 0.079478 | 0.034518 | 0.052995 | 0.067641 | 0.058918 | 0.045890 | 0.060657 | 0.051940 | 0.053893 | 0.062121 | 0.063579 | 0.050021 | 0.062722 | 0.063825 | 0.050379 | 0.041211 | 0.056307 | 0.040597] ||
	|| {10}: Cumulative Yield Vertex:    0.028021 | 0.040040 | 0.037142 | 0.044563 | 0.041323 | 0.042175 | 0.043023 | 0.045412 | 0.045375 | 0.046236 | 0.045451 | 0.047415 | 0.049863 | 0.048760 | 0.049042 | 0.050199 | 0.050711 | 0.050442 | 0.050978 | 0.051026 | 0.051162 | 0.051660 | 0.052177 | 0.052087 | 0.052511 | 0.052946 | 0.052851 | 0.052434 | 0.052567 | 0.052167 ||
	||-------------------------------------------------------------------------------------------------------------------------------||
	|| {10}:  00528 => 00295 | 0001 | 0232 | 0000 ||
	||-------------------------------------------------------------------------------------------------------------------------------||
	|| {11}: [Value:  0.000626; Vertex:  0.028161 | 0.051875 | 0.032061 | 0.065481 | 0.029959 | 0.040439 | 0.061288 | 0.054358 | 0.031896 | 0.050180 | 0.052992 | 0.091325 | 0.055165 | 0.060246 | 0.021613 | 0.047482 | 0.073207 | 0.058707 | 0.042295 | 0.053416 | 0.053997 | 0.082775 | 0.097068 | 0.052698 | 0.053794 | 0.024480 | 0.039063 | 0.050288 | 0.087122 | 0.048115] ||
	|| {11}: Cumulative Yield Vertex:    0.028161 | 0.040000 | 0.037352 | 0.044343 | 0.041460 | 0.041289 | 0.044132 | 0.045407 | 0.043902 | 0.044530 | 0.045297 | 0.049091 | 0.049558 | 0.050321 | 0.048396 | 0.048339 | 0.049792 | 0.050287 | 0.049866 | 0.050044 | 0.050232 | 0.051703 | 0.053653 | 0.053613 | 0.053620 | 0.052490 | 0.051991 | 0.051930 | 0.053133 | 0.052965 ||
	||-------------------------------------------------------------------------------------------------------------------------------||
	|| {11}:  00751 => 00508 | 0012 | 0231 | 0000 ||
	||-------------------------------------------------------------------------------------------------------------------------------||
	|| {12}: [Value:  0.000630; Vertex:  0.028132 | 0.051829 | 0.032053 | 0.065468 | 0.031478 | 0.033101 | 0.066234 | 0.055418 | 0.041957 | 0.042340 | 0.053464 | 0.066027 | 0.059384 | 0.067054 | 0.046563 | 0.050763 | 0.053521 | 0.070677 | 0.036251 | 0.057338 | 0.051757 | 0.064129 | 0.075596 | 0.062282 | 0.074248 | 0.049948 | 0.057858 | 0.057864 | 0.095796 | 0.052622] ||
	|| {12}: Cumulative Yield Vertex:    0.028132 | 0.039962 | 0.037325 | 0.044320 | 0.041746 | 0.040300 | 0.043982 | 0.045407 | 0.045024 | 0.044755 | 0.045544 | 0.047242 | 0.048173 | 0.049519 | 0.049322 | 0.049412 | 0.049653 | 0.050818 | 0.050049 | 0.050413 | 0.050477 | 0.051096 | 0.052155 | 0.052575 | 0.053437 | 0.053303 | 0.053471 | 0.053628 | 0.055067 | 0.054985 ||
	||-------------------------------------------------------------------------------------------------------------------------------||
	|| {12}:  00701 => 00466 | 0006 | 0229 | 0000 ||
	||-------------------------------------------------------------------------------------------------------------------------------||
	|| {13}: [Value:  0.000632; Vertex:  0.028257 | 0.052270 | 0.030535 | 0.068685 | 0.026550 | 0.040801 | 0.062505 | 0.050754 | 0.041415 | 0.046500 | 0.055449 | 0.061683 | 0.064316 | 0.063370 | 0.048601 | 0.055247 | 0.064623 | 0.037169 | 0.057129 | 0.070389 | 0.051510 | 0.061793 | 0.046595 | 0.067996 | 0.068534 | 0.037973 | 0.069236 | 0.043020 | 0.051930 | 0.052851] ||
	|| {13}: Cumulative Yield Vertex:    0.028257 | 0.040245 | 0.037006 | 0.044874 | 0.041198 | 0.041132 | 0.044169 | 0.044991 | 0.044593 | 0.044784 | 0.045751 | 0.047073 | 0.048393 | 0.049461 | 0.049404 | 0.049769 | 0.050639 | 0.049887 | 0.050267 | 0.051268 | 0.051279 | 0.051757 | 0.051532 | 0.052215 | 0.052865 | 0.052289 | 0.052914 | 0.052560 | 0.052538 | 0.052549 ||
	||-------------------------------------------------------------------------------------------------------------------------------||
	|| {13}:  00705 => 00467 | 0007 | 0231 | 0000 ||
	||-------------------------------------------------------------------------------------------------------------------------------||
	|| {14}: [Value:  0.000634; Vertex:  0.028074 | 0.051857 | 0.031001 | 0.070207 | 0.025663 | 0.040698 | 0.066425 | 0.032615 | 0.068174 | 0.045516 | 0.041688 | 0.074022 | 0.086374 | 0.032793 | 0.043967 | 0.037969 | 0.076048 | 0.035754 | 0.066102 | 0.064734 | 0.052758 | 0.069219 | 0.043403 | 0.061099 | 0.088999 | 0.039022 | 0.061237 | 0.063605 | 0.028888 | 0.068317] ||
	|| {14}: Cumulative Yield Vertex:    0.028074 | 0.039947 | 0.036963 | 0.045218 | 0.041294 | 0.041195 | 0.044777 | 0.043254 | 0.046007 | 0.045957 | 0.045569 | 0.047924 | 0.050854 | 0.049556 | 0.049183 | 0.048481 | 0.050091 | 0.049291 | 0.050171 | 0.050897 | 0.050985 | 0.051812 | 0.051446 | 0.051847 | 0.053319 | 0.052767 | 0.053079 | 0.053454 | 0.052603 | 0.053126 ||
	||-------------------------------------------------------------------------------------------------------------------------------||
	|| {14}:  00838 => 00598 | 0010 | 0230 | 0000 ||
	||-------------------------------------------------------------------------------------------------------------------------------||
	|| {15}: [Value:  0.000639; Vertex:  0.028211 | 0.051628 | 0.032047 | 0.066089 | 0.029163 | 0.044383 | 0.057572 | 0.043182 | 0.043389 | 0.054612 | 0.055896 | 0.073078 | 0.058565 | 0.053250 | 0.055793 | 0.054386 | 0.045561 | 0.046072 | 0.048433 | 0.048829 | 0.072340 | 0.077029 | 0.046482 | 0.053772 | 0.074569 | 0.067010 | 0.036153 | 0.062090 | 0.061306 | 0.064344] ||
	|| {15}: Cumulative Yield Vertex:    0.028211 | 0.039902 | 0.037283 | 0.044442 | 0.041378 | 0.041880 | 0.044112 | 0.043996 | 0.043929 | 0.044997 | 0.045984 | 0.048227 | 0.049020 | 0.049322 | 0.049753 | 0.050042 | 0.049778 | 0.049572 | 0.049512 | 0.049478 | 0.050560 | 0.051758 | 0.051529 | 0.051622 | 0.052534 | 0.053090 | 0.052461 | 0.052804 | 0.053096 | 0.053471 ||
	||-------------------------------------------------------------------------------------------------------------------------------||
	|| {15}:  00785 => 00531 | 0011 | 0243 | 0000 ||
	||-------------------------------------------------------------------------------------------------------------------------------||
	|| {16}: [Value:  0.000627; Vertex:  0.028307 | 0.051086 | 0.032857 | 0.065800 | 0.028112 | 0.045871 | 0.055853 | 0.048452 | 0.046793 | 0.029567 | 0.066882 | 0.077682 | 0.060942 | 0.058582 | 0.050878 | 0.067792 | 0.010805 | 0.072623 | 0.045765 | 0.065561 | 0.041806 | 0.069469 | 0.076995 | 0.064759 | 0.074041 | 0.023957 | 0.076177 | 0.071030 | 0.047583 | 0.070052] ||
	|| {16}: Cumulative Yield Vertex:    0.028307 | 0.039680 | 0.037405 | 0.044463 | 0.041184 | 0.041966 | 0.043942 | 0.044505 | 0.044759 | 0.043232 | 0.045369 | 0.048040 | 0.049029 | 0.049712 | 0.049789 | 0.050909 | 0.048530 | 0.049863 | 0.049648 | 0.050440 | 0.050028 | 0.050910 | 0.052036 | 0.052564 | 0.053419 | 0.052275 | 0.053155 | 0.053790 | 0.053576 | 0.054124 ||
	||-------------------------------------------------------------------------------------------------------------------------------||
	|| {16}:  00887 => 00639 | 0008 | 0240 | 0000 ||
	||-------------------------------------------------------------------------------------------------------------------------------||
	|| {17}: [Value:  0.000628; Vertex:  0.027814 | 0.052633 | 0.030260 | 0.069981 | 0.024522 | 0.047862 | 0.055197 | 0.045144 | 0.057019 | 0.057285 | 0.031665 | 0.078515 | 0.051874 | 0.067758 | 0.049760 | 0.036536 | 0.061609 | 0.052223 | 0.060839 | 0.060689 | 0.037423 | 0.061965 | 0.074797 | 0.070984 | 0.072197 | 0.057968 | 0.059057 | 0.039463 | 0.029568 | 0.050766] ||
	|| {17}: Cumulative Yield Vertex:    0.027814 | 0.040203 | 0.036886 | 0.045104 | 0.040973 | 0.042122 | 0.043983 | 0.044128 | 0.045556 | 0.046728 | 0.045355 | 0.048096 | 0.048386 | 0.049766 | 0.049766 | 0.048937 | 0.049680 | 0.049821 | 0.050399 | 0.050912 | 0.050268 | 0.050800 | 0.051837 | 0.052630 | 0.053409 | 0.053584 | 0.053787 | 0.053274 | 0.052452 | 0.052396 ||
	||-------------------------------------------------------------------------------------------------------------------------------||
	|| {17}:  00810 => 00575 | 0004 | 0231 | 0000 ||
	||-------------------------------------------------------------------------------------------------------------------------------||
	|| {18}: [Value:  0.000635; Vertex:  0.028719 | 0.050562 | 0.032957 | 0.066726 | 0.026884 | 0.047609 | 0.049733 | 0.057789 | 0.040997 | 0.047641 | 0.052707 | 0.066216 | 0.075966 | 0.042924 | 0.041407 | 0.068547 | 0.054544 | 0.059980 | 0.065416 | 0.053934 | 0.061006 | 0.046521 | 0.058222 | 0.057815 | 0.063447 | 0.058676 | 0.060328 | 0.045488 | 0.031882 | 0.049174] ||
	|| {18}: Cumulative Yield Vertex:    0.028719 | 0.039626 | 0.037403 | 0.044689 | 0.041118 | 0.042200 | 0.043274 | 0.045081 | 0.044627 | 0.044929 | 0.045634 | 0.047341 | 0.049527 | 0.049054 | 0.048543 | 0.049787 | 0.050066 | 0.050617 | 0.051393 | 0.051520 | 0.051970 | 0.051722 | 0.052004 | 0.052245 | 0.052692 | 0.052922 | 0.053196 | 0.052920 | 0.052192 | 0.052091 ||
	||-------------------------------------------------------------------------------------------------------------------------------||
	|| {18}:  00648 => 00400 | 0004 | 0244 | 0000 ||
	||-------------------------------------------------------------------------------------------------------------------------------||
	|| {19}: [Value:  0.000643; Vertex:  0.027846 | 0.052076 | 0.032731 | 0.062288 | 0.032226 | 0.047510 | 0.044128 | 0.065246 | 0.051002 | 0.035866 | 0.051043 | 0.060036 | 0.078033 | 0.038043 | 0.063557 | 0.049663 | 0.078084 | 0.032056 | 0.056671 | 0.068712 | 0.064194 | 0.058707 | 0.057418 | 0.044955 | 0.068743 | 0.055728 | 0.069394 | 0.051679 | 0.047773 | 0.059884] ||
	|| {19}: Cumulative Yield Vertex:    0.027846 | 0.039942 | 0.037537 | 0.043693 | 0.041396 | 0.042415 | 0.042660 | 0.045467 | 0.046081 | 0.045056 | 0.045599 | 0.046797 | 0.049182 | 0.048382 | 0.049390 | 0.049407 | 0.051082 | 0.050018 | 0.050367 | 0.051280 | 0.051893 | 0.052203 | 0.052429 | 0.052117 | 0.052779 | 0.052893 | 0.053501 | 0.053436 | 0.053241 | 0.053462 ||
	||-------------------------------------------------------------------------------------------------------------------------------||
	|| {19}:  00603 => 00371 | 0000 | 0232 | 0000 ||
	||-------------------------------------------------------------------------------------------------------------------------------||

	|-----------------------------------------------------------------|
	|    Copyright (C) 2011-2026 (DRIP, DROP)
	|-----------------------------------------------------------------|
	|    Build Version  => 8.01.0 multi
	|    Build JVM (TM) => 15.0.1+9-18 mixed mode, sharing
	|    Build Snap     => Sat Sep 26 23:09:04 EST 2026
	|    Start Time     => Fri Oct 02 09:14:22 EDT 2026
	|    Setup Time     => Fri Oct 02 09:14:23 EDT 2026
	|    Finish Time    => Fri Oct 02 09:16:39 EDT 2026
	|    Setup Duration => 930 ms
	|    Run Duration   => 2 m 15 s 903 ms
	|-----------------------------------------------------------------|

