
	|-----------------------------------------------------------------|
	|    Copyright (C) 2011-2026 (DRIP, DROP)
	|-----------------------------------------------------------------|
	|    Build Version  => 8.01.0 multi
	|    Build JVM (TM) => 15.0.1+9-18 mixed mode, sharing
	|    Build Snap     => Sat Sep 26 23:09:04 EST 2026
	|    Start Time     => Fri Oct 02 10:32:13 EDT 2026
	|    Setup Time     => Fri Oct 02 10:32:14 EDT 2026
	|    Setup Duration => 852 ms
	|-----------------------------------------------------------------|

	||--------------------------------------------------||
	|| Multi-Bond Curve Calibrator => Multi-Bond Least-squares Function: {25-SEP-2026, USD, UST, 1} {Pillar Dates: 25-SEP-2027, 25-SEP-2028, 25-SEP-2029, 25-SEP-2030, 25-SEP-2031, 25-SEP-2032, 25-SEP-2033, 25-SEP-2034, 25-SEP-2035, 25-SEP-2036, 25-SEP-2037, 25-SEP-2038, 25-SEP-2039, 25-SEP-2040, 25-SEP-2041, 25-SEP-2042, 25-SEP-2043, 25-SEP-2044, 25-SEP-2045, 25-SEP-2046, 25-SEP-2047, 25-SEP-2048, 25-SEP-2049, 25-SEP-2050, 25-SEP-2051, 25-SEP-2052, 25-SEP-2053, 25-SEP-2054, 25-SEP-2055, 25-SEP-2056, };
Calibration Components:
	[1 4.00 15-FEB-2029] => 099.908 | 01.00]
	[2 5.00 01-AUG-2029] => 102.160 | 01.00]
	[3 5.00 15-OCT-2029] => 103.519 | 01.00]
	[4 5.00 15-FEB-2030] => 102.500 | 01.00]
	[5 5.00 15-FEB-2029] => 103.139 | 01.00]
	[6 4.00 01-MAR-2029] => 100.997 | 01.00]
	[7 5.00 01-DEC-2029] => 103.406 | 01.00]
	[8 4.00 01-NOV-2029] => 102.299 | 01.00]
	[9 5.00 15-FEB-2030] => 102.717 | 01.00]
	[10 5.00 01-OCT-2028] => 102.911 | 01.00]
	[11 5.00 01-DEC-2028] => 101.912 | 01.00]
	[12 5.00 15-FEB-2029] => 102.520 | 01.00]
	[13 5.00 01-DEC-2028] => 102.300 | 01.00]
	[14 5.00 01-DEC-2029] => 101.390 | 01.00]
	[15 5.25 01-FEB-2028] => 101.685 | 01.00]
	[16 4.00 01-SEP-2027] => 101.458 | 01.00]
	[17 5.00 01-OCT-2029] => 104.180 | 01.00]
	[18 5.00 01-SEP-2028] => 102.138 | 01.00]
	[19 5.00 01-OCT-2028] => 101.613 | 01.00]
	[20 5.00 15-FEB-2028] => 101.566 | 01.00]
	[21 4.00 15-FEB-2029] => 099.308 | 01.00]
	[22 5.00 01-AUG-2029] => 102.160 | 01.00]
	[23 5.00 01-DEC-2031] => 102.393 | 01.00]
	[24 5.00 15-JUL-2030] => 101.789 | 01.00]
	[25 5.00 15-OCT-2029] => 103.519 | 01.00]
	[26 5.00 15-JUN-2031] => 102.508 | 01.00]
	[27 5.00 15-FEB-2030] => 102.500 | 01.00]
	[28 5.00 01-DEC-2031] => 104.367 | 01.00]
	[29 5.00 15-SEP-2031] => 103.830 | 01.00]
	[30 5.00 01-DEC-2031] => 104.428 | 01.00]
	[31 5.00 15-FEB-2029] => 103.139 | 01.00]
	[32 4.00 15-FEB-2031] => 100.930 | 01.00]
	[33 5.00 15-FEB-2031] => 102.911 | 01.00]
	[34 4.00 01-MAR-2029] => 100.997 | 01.00]
	[35 5.00 01-DEC-2029] => 103.406 | 01.00]
	[36 5.00 15-AUG-2031] => 104.846 | 01.00]
	[37 5.00 01-AUG-2031] => 102.660 | 01.00]
	[38 4.00 01-NOV-2029] => 102.299 | 01.00]
	[39 5.00 15-FEB-2030] => 102.717 | 01.00]
	[40 5.00 15-NOV-2030] => 101.733 | 01.00]
	[41 5.00 15-FEB-2033] => 104.480 | 01.00]
	[42 5.00 01-DEC-2031] => 102.393 | 01.00]
	[43 5.00 01-SEP-2033] => 106.315 | 01.00]
	[44 5.00 15-JUL-2030] => 101.789 | 01.00]
	[45 5.00 01-AUG-2033] => 106.279 | 01.00]
	[46 3.00 01-AUG-2033] => 091.858 | 01.00]
	[47 5.00 15-FEB-2033] => 104.370 | 01.00]
	[48 5.00 15-JUN-2031] => 102.508 | 01.00]
	[49 4.00 01-DEC-2033] => 096.755 | 01.00]
	[50 5.00 01-DEC-2031] => 104.367 | 01.00]
	[51 5.00 15-SEP-2031] => 103.830 | 01.00]
	[52 5.00 01-DEC-2031] => 104.428 | 01.00]
	[53 3.00 01-AUG-2033] => 090.860 | 01.00]
	[54 5.00 01-AUG-2032] => 104.339 | 01.00]
	[55 5.00 01-JUN-2032] => 104.219 | 01.00]
	[56 4.00 01-DEC-2033] => 097.556 | 01.00]
	[57 4.00 15-FEB-2031] => 100.930 | 01.00]
	[58 5.00 01-DEC-2033] => 100.840 | 01.00]
	[59 5.00 01-AUG-2032] => 104.178 | 01.00]
	[60 5.00 01-MAR-2032] => 104.380 | 01.00]
	[61 5.00 01-FEB-2038] => 101.599 | 01.00]
	[62 5.00 01-APR-2034] => 101.605 | 01.00]
	[63 5.00 01-DEC-2034] => 102.507 | 01.00]
	[64 5.00 15-FEB-2037] => 101.913 | 01.00]
	[65 5.00 01-FEB-2035] => 102.910 | 01.00]
	[66 5.00 15-FEB-2035] => 104.250 | 01.00]
	[67 4.00 15-AUG-2037] => 099.777 | 01.00]
	[68 4.00 15-AUG-2037] => 099.777 | 01.00]
	[69 5.00 01-MAR-2035] => 104.901 | 01.00]
	[70 5.00 01-FEB-2035] => 102.229 | 01.00]
	[71 5.00 15-FEB-2035] => 104.000 | 01.00]
	[72 5.00 01-JUN-2035] => 104.793 | 01.00]
	[73 5.00 01-AUG-2037] => 103.608 | 01.00]
	[74 5.00 01-JUL-2037] => 104.596 | 01.00]
	[75 5.00 01-FEB-2035] => 104.502 | 01.00]
	[76 4.00 15-FEB-2038] => 094.301 | 01.00]
	[77 5.00 01-OCT-2037] => 103.848 | 01.00]
	[78 5.00 01-AUG-2037] => 101.030 | 01.00]
	[79 5.00 01-AUG-2034] => 103.580 | 01.00]
	[80 5.00 15-AUG-2038] => 101.825 | 01.00]
	[81 5.00 01-FEB-2038] => 101.599 | 01.00]
	[82 4.00 15-AUG-2037] => 099.777 | 01.00]
	[83 5.00 01-JUL-2040] => 099.500 | 01.00]
	[84 5.00 15-FEB-2042] => 100.098 | 01.00]
	[85 5.00 01-JUL-2040] => 102.153 | 01.00]
	[86 5.00 01-AUG-2037] => 103.608 | 01.00]
	[87 5.00 01-JUL-2037] => 104.596 | 01.00]
	[88 4.00 01-DEC-2039] => 085.921 | 01.00]
	[89 5.00 15-JUN-2041] => 100.404 | 01.00]
	[90 4.00 15-FEB-2038] => 094.301 | 01.00]
	[91 5.00 01-OCT-2037] => 103.848 | 01.00]
	[92 5.00 01-AUG-2037] => 101.030 | 01.00]
	[93 5.00 15-AUG-2038] => 101.825 | 01.00]
	[94 4.00 01-DEC-2037] => 091.511 | 01.00]
	[95 5.00 01-DEC-2039] => 100.105 | 01.00]
	[96 5.00 01-DEC-2041] => 100.679 | 01.00]
	[97 5.00 15-FEB-2042] => 101.206 | 01.00]
	[98 5.00 15-FEB-2041] => 101.307 | 01.00]
	[99 5.00 01-OCT-2038] => 103.807 | 01.00]
	[100 5.00 15-DEC-2041] => 102.546 | 01.00]
	[101 4.00 01-FEB-2043] => 087.590 | 01.00]
	[102 5.00 01-JUL-2040] => 099.500 | 01.00]
	[103 5.00 15-FEB-2042] => 100.098 | 01.00]
	[104 5.00 01-JUL-2040] => 102.153 | 01.00]
	[105 4.00 15-FEB-2044] => 086.216 | 01.00]
	[106 5.00 15-JUN-2041] => 100.404 | 01.00]
	[107 3.12 15-AUG-2044] => 074.209 | 01.00]
	[108 5.25 15-JUN-2044] => 103.386 | 01.00]
	[109 4.00 01-OCT-2044] => 090.202 | 01.00]
	[110 5.00 01-DEC-2041] => 100.679 | 01.00]
	[111 5.00 01-AUG-2042] => 101.398 | 01.00]
	[112 5.00 15-FEB-2042] => 101.206 | 01.00]
	[113 5.00 15-FEB-2041] => 101.307 | 01.00]
	[114 5.00 15-DEC-2041] => 102.546 | 01.00]
	[115 5.00 01-APR-2043] => 098.596 | 01.00]
	[116 4.00 01-AUG-2043] => 091.366 | 01.00]
	[117 5.25 01-DEC-2040] => 103.561 | 01.00]
	[118 4.00 01-AUG-2041] => 089.275 | 01.00]
	[119 5.00 01-AUG-2044] => 100.962 | 01.00]
	[120 4.00 01-AUG-2046] => 086.847 | 01.00]
	[121 5.00 15-FEB-2048] => 099.994 | 01.00]
	[122 4.00 15-JUN-2049] => 080.650 | 01.00]
	[123 4.00 01-AUG-2046] => 086.847 | 01.00]
	[124 4.00 01-APR-2045] => 084.923 | 01.00]
	[125 4.00 01-AUG-2047] => 082.634 | 01.00]
	[126 4.00 01-JUN-2047] => 085.130 | 01.00]
	[127 5.00 01-APR-2048] => 100.144 | 01.00]
	[128 5.00 01-SEP-2045] => 102.435 | 01.00]
	[129 5.00 01-OCT-2048] => 100.701 | 01.00]
	[130 4.00 01-OCT-2045] => 090.679 | 01.00]
	[131 5.00 15-SEP-2045] => 099.835 | 01.00]
	[132 5.00 01-FEB-2046] => 102.589 | 01.00]
	[133 4.00 01-FEB-2047] => 084.149 | 01.00]
	[134 5.00 01-FEB-2052] => 093.173 | 01.00]
	[135 4.62 15-JUN-2045] => 100.419 | 01.00]
	[136 5.00 01-JUL-2045] => 100.733 | 01.00]
	[137 5.00 15-FEB-2049] => 102.120 | 01.00]
	[138 5.00 15-AUG-2049] => 098.927 | 01.00]
	[139 5.00 15-SEP-2048] => 099.268 | 01.00]
	[140 5.25 15-FEB-2049] => 105.177 | 01.00]
	[141 5.00 15-MAR-2050] => 096.043 | 01.00]
	[142 5.25 15-MAR-2050] => 094.408 | 01.00]
	[143 5.00 15-JUN-2050] => 095.368 | 01.00]
	[144 5.00 01-DEC-2055] => 093.455 | 01.00]
	[145 5.00 15-FEB-2051] => 094.711 | 01.00]
	[146 5.00 15-FEB-2051] => 098.621 | 01.00]
	[147 4.25 01-FEB-2054] => 080.086 | 01.00]
	[148 5.25 01-FEB-2053] => 096.535 | 01.00]
	[149 5.00 01-AUG-2052] => 095.798 | 01.00]
	[150 5.25 01-DEC-2054] => 094.668 | 01.00]
	[151 4.50 15-MAY-2052] => 084.838 | 01.00]
	[152 5.00 01-JUN-2055] => 094.722 | 01.00]
	[153 5.25 01-AUG-2050] => 100.836 | 01.00]
	[154 5.25 15-JUN-2055] => 097.958 | 01.00]
	[155 5.00 01-DEC-2052] => 100.367 | 01.00]
	[156 4.50 15-AUG-2050] => 088.758 | 01.00]
	[157 4.25 01-AUG-2052] => 084.874 | 01.00]
	[158 4.00 01-JUN-2051] => 076.770 | 01.00]
	[159 5.00 15-MAR-2055] => 094.590 | 01.00]
	[160 5.00 01-JAN-2056] => 103.206 | 01.00]
	||  {Vertex Count => 40 | Lower Search Bound => 0.01 | Upper Search Bound => 0.09 | Incorporate Centroid => false | Tolerance => 1.e-8}
	||--------------------------------------------------||

	||-------------------------------------------------------------------------------------------------------------------------------||
	|| {0}: [Value:  0.000579; Vertex:  0.028072 | 0.051991 | 0.031525 | 0.067171 | 0.027367 | 0.046600 | 0.049375 | 0.077197 |-0.008587 | 0.073162 | 0.058456 | 0.072603 | 0.121330 |-0.019593 | 0.065981 | 0.063205 | 0.051016 | 0.053829 | 0.014142 | 0.096365 | 0.060358 | 0.010670 | 0.109511 | 0.112715 | 0.073826 | 0.012354 | 0.093807 | 0.055215 |-0.041068 | 0.058637] ||
	|| {0}: Cumulative Yield Vertex:    0.028072 | 0.040013 | 0.037182 | 0.044633 | 0.041170 | 0.042076 | 0.043116 | 0.047343 | 0.041055 | 0.044250 | 0.045536 | 0.047776 | 0.053339 | 0.048032 | 0.049222 | 0.050093 | 0.050147 | 0.050352 | 0.048431 | 0.050800 | 0.051254 | 0.049388 | 0.051964 | 0.054459 | 0.055229 | 0.053560 | 0.055036 | 0.055042 | 0.051653 | 0.051886 ||
	||-------------------------------------------------------------------------------------------------------------------------------||
	|| {0}:  04819 => 04137 | 0160 | 0522 | 0000 ||
	||-------------------------------------------------------------------------------------------------------------------------------||
	|| {1}: [Value:  0.000587; Vertex:  0.028021 | 0.052071 | 0.031619 | 0.066711 | 0.028478 | 0.042117 | 0.055658 | 0.074831 |-0.011667 | 0.106344 | 0.022015 | 0.090823 | 0.085336 | 0.013265 | 0.049505 | 0.087032 | 0.021357 | 0.072995 | 0.004985 | 0.082578 | 0.066506 | 0.043793 | 0.094015 | 0.084248 | 0.054968 | 0.071188 | 0.055877 | 0.031613 | 0.042196 | 0.058474] ||
	|| {1}: Cumulative Yield Vertex:    0.028021 | 0.040028 | 0.037224 | 0.044551 | 0.041328 | 0.041460 | 0.043480 | 0.047370 | 0.040729 | 0.047210 | 0.044908 | 0.048693 | 0.051487 | 0.048728 | 0.048779 | 0.051148 | 0.049384 | 0.050692 | 0.048262 | 0.049963 | 0.050747 | 0.050430 | 0.052305 | 0.053625 | 0.053679 | 0.054351 | 0.054407 | 0.053589 | 0.053196 | 0.053372 ||
	||-------------------------------------------------------------------------------------------------------------------------------||
	|| {1}:  05433 => 04695 | 0186 | 0552 | 0000 ||
	||-------------------------------------------------------------------------------------------------------------------------------||
	|| {2}: [Value:  0.000585; Vertex:  0.028076 | 0.051991 | 0.031575 | 0.067102 | 0.028265 | 0.041517 | 0.055729 | 0.068932 | 0.011728 | 0.067826 | 0.045774 | 0.080055 | 0.107880 |-0.006355 | 0.066992 | 0.034183 | 0.092727 | 0.021124 | 0.042464 | 0.047384 | 0.123013 |-0.021551 | 0.145081 | 0.085845 | 0.058585 | 0.016612 | 0.039465 | 0.095737 | 0.026527 |-0.003629] ||
	|| {2}: Cumulative Yield Vertex:    0.028076 | 0.040015 | 0.037200 | 0.044630 | 0.041348 | 0.041376 | 0.043419 | 0.046589 | 0.042688 | 0.045193 | 0.045246 | 0.048122 | 0.052655 | 0.048374 | 0.049609 | 0.048643 | 0.051208 | 0.049522 | 0.049150 | 0.049062 | 0.052522 | 0.049089 | 0.053169 | 0.054519 | 0.054681 | 0.053201 | 0.052691 | 0.054212 | 0.053252 | 0.051326 ||
	||-------------------------------------------------------------------------------------------------------------------------------||
	|| {2}:  05593 => 04885 | 0174 | 0534 | 0000 ||
	||-------------------------------------------------------------------------------------------------------------------------------||
	|| {3}: [Value:  0.000595; Vertex:  0.028085 | 0.051940 | 0.031657 | 0.066986 | 0.027436 | 0.046501 | 0.048437 | 0.085401 |-0.027331 | 0.094005 | 0.047140 | 0.083107 | 0.075765 | 0.045497 | 0.028567 | 0.059359 | 0.067813 | 0.044480 | 0.026861 | 0.074477 | 0.078226 | 0.023639 | 0.127440 | 0.032434 | 0.052234 | 0.112665 | 0.023607 | 0.058925 | 0.029855 | 0.060025] ||
	|| {3}: Cumulative Yield Vertex:    0.028085 | 0.039994 | 0.037213 | 0.044611 | 0.041166 | 0.042056 | 0.042966 | 0.048219 | 0.039689 | 0.045067 | 0.045255 | 0.048381 | 0.050473 | 0.050116 | 0.048674 | 0.049339 | 0.050421 | 0.050090 | 0.048861 | 0.050134 | 0.051462 | 0.050186 | 0.053484 | 0.052603 | 0.052588 | 0.054872 | 0.053706 | 0.053892 | 0.053059 | 0.053291 ||
	||-------------------------------------------------------------------------------------------------------------------------------||
	|| {3}:  04204 => 03603 | 0119 | 0482 | 0000 ||
	||-------------------------------------------------------------------------------------------------------------------------------||
	|| {4}: [Value:  0.000593; Vertex:  0.028038 | 0.052033 | 0.031582 | 0.066624 | 0.028867 | 0.041730 | 0.056488 | 0.067575 | 0.007690 | 0.065897 | 0.052405 | 0.086567 | 0.088428 | 0.013544 | 0.043349 | 0.074513 | 0.069213 | 0.021493 | 0.034493 | 0.058973 | 0.080856 | 0.044015 | 0.100000 | 0.069679 | 0.076914 | 0.076990 | 0.036243 | 0.029176 | 0.022935 | 0.032439] ||
	|| {4}: Cumulative Yield Vertex:    0.028038 | 0.040017 | 0.037204 | 0.044515 | 0.041377 | 0.041436 | 0.043578 | 0.046560 | 0.042207 | 0.044568 | 0.045279 | 0.048686 | 0.051714 | 0.048958 | 0.048584 | 0.050194 | 0.051307 | 0.049636 | 0.048837 | 0.049342 | 0.050831 | 0.050520 | 0.052645 | 0.053352 | 0.054289 | 0.055159 | 0.054456 | 0.053548 | 0.052485 | 0.051813 ||
	||-------------------------------------------------------------------------------------------------------------------------------||
	|| {4}:  03733 => 03121 | 0123 | 0489 | 0000 ||
	||-------------------------------------------------------------------------------------------------------------------------------||
	|| {5}: [Value:  0.000587; Vertex:  0.028112 | 0.051851 | 0.031612 | 0.067267 | 0.027665 | 0.044273 | 0.050968 | 0.083090 |-0.023077 | 0.107476 | 0.027543 | 0.093031 | 0.093352 | 0.000749 | 0.054793 | 0.061220 | 0.088195 | 0.006560 | 0.038575 | 0.087501 | 0.081596 | 0.008500 | 0.099553 | 0.060596 | 0.110979 | 0.039745 | 0.031109 | 0.009147 | 0.096684 |-0.065754] ||
	|| {5}: Cumulative Yield Vertex:    0.028112 | 0.039963 | 0.037178 | 0.044654 | 0.041247 | 0.041752 | 0.043065 | 0.048022 | 0.040003 | 0.046664 | 0.044920 | 0.048884 | 0.052269 | 0.048538 | 0.048954 | 0.049718 | 0.051960 | 0.049406 | 0.048835 | 0.050750 | 0.052207 | 0.050196 | 0.052316 | 0.052660 | 0.054960 | 0.054372 | 0.053506 | 0.051906 | 0.053433 | 0.049336 ||
	||-------------------------------------------------------------------------------------------------------------------------------||
	|| {5}:  05667 => 04968 | 0172 | 0527 | 0000 ||
	||-------------------------------------------------------------------------------------------------------------------------------||
	|| {6}: [Value:  0.000588; Vertex:  0.028080 | 0.051968 | 0.031688 | 0.066591 | 0.028910 | 0.041725 | 0.055115 | 0.074752 |-0.007419 | 0.087989 | 0.039757 | 0.078401 | 0.086023 | 0.033996 | 0.036208 | 0.062106 | 0.077182 | 0.021649 | 0.037290 | 0.095188 | 0.056674 | 0.010032 | 0.101906 | 0.084935 | 0.066173 | 0.104338 | 0.063965 | 0.036443 |-0.047784 | 0.119008] ||
	|| {6}: Cumulative Yield Vertex:    0.028080 | 0.040005 | 0.037232 | 0.044527 | 0.041396 | 0.041451 | 0.043396 | 0.047286 | 0.041138 | 0.045785 | 0.045236 | 0.047978 | 0.050878 | 0.049665 | 0.048766 | 0.049596 | 0.051208 | 0.049551 | 0.048904 | 0.051193 | 0.051453 | 0.049548 | 0.051796 | 0.053165 | 0.053683 | 0.055613 | 0.055921 | 0.055223 | 0.051584 | 0.053801 ||
	||-------------------------------------------------------------------------------------------------------------------------------||
	|| {6}:  05412 => 04725 | 0160 | 0527 | 0000 ||
	||-------------------------------------------------------------------------------------------------------------------------------||
	|| {7}: [Value:  0.000586; Vertex:  0.028022 | 0.052113 | 0.031512 | 0.067163 | 0.027450 | 0.045492 | 0.050169 | 0.080607 |-0.016733 | 0.062407 | 0.077004 | 0.070812 | 0.109955 |-0.005624 | 0.065231 | 0.035276 | 0.077014 | 0.070807 |-0.013173 | 0.114676 | 0.064644 | 0.012108 | 0.101413 | 0.078681 | 0.085553 | 0.036858 | 0.030327 | 0.069910 | 0.052758 |-0.027019] ||
	|| {7}: Cumulative Yield Vertex:    0.028022 | 0.040049 | 0.037202 | 0.044646 | 0.041197 | 0.041913 | 0.043090 | 0.047739 | 0.040478 | 0.042664 | 0.045760 | 0.047835 | 0.052545 | 0.048326 | 0.049448 | 0.048560 | 0.050222 | 0.051362 | 0.047916 | 0.051201 | 0.051839 | 0.050013 | 0.052220 | 0.053315 | 0.054594 | 0.053907 | 0.053030 | 0.053630 | 0.053600 | 0.050855 ||
	||-------------------------------------------------------------------------------------------------------------------------------||
	|| {7}:  05252 => 04675 | 0110 | 0467 | 0000 ||
	||-------------------------------------------------------------------------------------------------------------------------------||
	|| {8}: [Value:  0.000581; Vertex:  0.028027 | 0.052067 | 0.031473 | 0.067033 | 0.028847 | 0.041670 | 0.055304 | 0.072737 |-0.004085 | 0.084418 | 0.038487 | 0.095606 | 0.087783 | 0.009346 | 0.044067 | 0.067918 | 0.051126 | 0.059043 | 0.010719 | 0.122896 | 0.036203 | 0.014180 | 0.109393 | 0.103556 | 0.036054 | 0.076437 | 0.084877 | 0.032681 |-0.027281 |-0.011266] ||
	|| {8}: Cumulative Yield Vertex:    0.028027 | 0.040028 | 0.037175 | 0.044594 | 0.041436 | 0.041475 | 0.043444 | 0.047080 | 0.041334 | 0.045611 | 0.044962 | 0.049133 | 0.052078 | 0.048990 | 0.048662 | 0.049859 | 0.049934 | 0.050440 | 0.048331 | 0.051994 | 0.051240 | 0.049537 | 0.052102 | 0.054219 | 0.053490 | 0.054369 | 0.055491 | 0.054672 | 0.051792 | 0.049654 ||
	||-------------------------------------------------------------------------------------------------------------------------------||
	|| {8}:  06644 => 05753 | 0256 | 0635 | 0000 ||
	||-------------------------------------------------------------------------------------------------------------------------------||
	|| {9}: [Value:  0.000588; Vertex:  0.028046 | 0.051995 | 0.031687 | 0.066489 | 0.029078 | 0.041617 | 0.056577 | 0.066852 | 0.009737 | 0.063148 | 0.054436 | 0.082332 | 0.107329 |-0.012140 | 0.063230 | 0.056177 | 0.069627 | 0.051151 |-0.007119 | 0.142337 |-0.008150 | 0.085355 | 0.072483 | 0.076310 | 0.120251 | 0.008486 | 0.085819 | 0.035681 | 0.008747 | 0.070120] ||
	|| {9}: Cumulative Yield Vertex:    0.028046 | 0.040002 | 0.037229 | 0.044500 | 0.041408 | 0.041443 | 0.043596 | 0.046487 | 0.042373 | 0.044445 | 0.045351 | 0.048405 | 0.052876 | 0.048153 | 0.049154 | 0.049592 | 0.050764 | 0.050786 | 0.047699 | 0.052327 | 0.049408 | 0.051031 | 0.051959 | 0.052967 | 0.055615 | 0.053778 | 0.054956 | 0.054264 | 0.052679 | 0.053259 ||
	||-------------------------------------------------------------------------------------------------------------------------------||
	|| {9}:  06247 => 05560 | 0168 | 0519 | 0000 ||
	||-------------------------------------------------------------------------------------------------------------------------------||
	|| {10}: [Value:  0.000583; Vertex:  0.028023 | 0.052108 | 0.031445 | 0.066783 | 0.028844 | 0.042018 | 0.054977 | 0.074940 |-0.011507 | 0.112846 | 0.015600 | 0.091743 | 0.077866 | 0.026106 | 0.038139 | 0.084356 | 0.036199 | 0.055802 | 0.026765 | 0.110678 | 0.027852 | 0.008104 | 0.118293 | 0.099207 | 0.083807 | 0.039044 | 0.078181 | 0.034828 | 0.014307 | 0.042389] ||
	|| {10}: Cumulative Yield Vertex:    0.028023 | 0.040047 | 0.037178 | 0.044534 | 0.041388 | 0.041493 | 0.043413 | 0.047325 | 0.040707 | 0.047822 | 0.044874 | 0.048736 | 0.050961 | 0.049172 | 0.048435 | 0.050661 | 0.049808 | 0.050141 | 0.048905 | 0.051948 | 0.050795 | 0.048831 | 0.051801 | 0.053753 | 0.054946 | 0.054331 | 0.055209 | 0.054478 | 0.053081 | 0.052723 ||
	||-------------------------------------------------------------------------------------------------------------------------------||
	|| {10}:  05414 => 04722 | 0163 | 0529 | 0000 ||
	||-------------------------------------------------------------------------------------------------------------------------------||
	|| {11}: [Value:  0.000577; Vertex:  0.028055 | 0.051951 | 0.031681 | 0.066883 | 0.028314 | 0.042903 | 0.054954 | 0.070028 |-0.000057 | 0.109793 | 0.010724 | 0.086966 | 0.104370 |-0.002663 | 0.057322 | 0.055081 | 0.076704 | 0.027478 | 0.018597 | 0.144679 | 0.036209 |-0.023750 | 0.134307 | 0.102752 | 0.057966 | 0.016519 | 0.089990 | 0.071424 | 0.003521 | 0.013446] ||
	|| {11}: Cumulative Yield Vertex:    0.028055 | 0.039984 | 0.037215 | 0.044587 | 0.041324 | 0.041587 | 0.043490 | 0.046786 | 0.041531 | 0.048270 | 0.044830 | 0.048306 | 0.052563 | 0.048560 | 0.049142 | 0.049513 | 0.051101 | 0.049779 | 0.048127 | 0.052847 | 0.052052 | 0.048537 | 0.052191 | 0.054272 | 0.054419 | 0.052946 | 0.054305 | 0.054913 | 0.053121 | 0.051783 ||
	||-------------------------------------------------------------------------------------------------------------------------------||
	|| {11}:  04675 => 04095 | 0117 | 0463 | 0000 ||
	||-------------------------------------------------------------------------------------------------------------------------------||
	|| {12}: [Value:  0.000589; Vertex:  0.028050 | 0.052001 | 0.031586 | 0.066821 | 0.028787 | 0.042080 | 0.055144 | 0.072520 |-0.005033 | 0.114857 | 0.008047 | 0.094929 | 0.058365 | 0.044757 | 0.046474 | 0.057982 | 0.059807 | 0.056086 | 0.008550 | 0.137421 |-0.007380 | 0.048393 | 0.085269 | 0.138370 | 0.085870 |-0.056334 | 0.115776 | 0.118236 |-0.057515 | 0.125300] ||
	|| {12}: Cumulative Yield Vertex:    0.028050 | 0.040007 | 0.037199 | 0.044559 | 0.041397 | 0.041511 | 0.043451 | 0.047060 | 0.041209 | 0.048471 | 0.044765 | 0.048896 | 0.049623 | 0.049274 | 0.049087 | 0.049642 | 0.050238 | 0.050563 | 0.048332 | 0.052694 | 0.049794 | 0.049730 | 0.051262 | 0.054817 | 0.056049 | 0.051600 | 0.053940 | 0.056201 | 0.052174 | 0.054575 ||
	||-------------------------------------------------------------------------------------------------------------------------------||
	|| {12}:  05353 => 04669 | 0163 | 0521 | 0000 ||
	||-------------------------------------------------------------------------------------------------------------------------------||
	|| {13}: [Value:  0.000581; Vertex:  0.027947 | 0.052219 | 0.031237 | 0.067647 | 0.027543 | 0.043805 | 0.052948 | 0.076997 |-0.012321 | 0.111223 | 0.018008 | 0.083575 | 0.104718 |-0.004725 | 0.059394 | 0.067574 | 0.056274 | 0.040712 | 0.021223 | 0.099983 | 0.045352 | 0.024895 | 0.105677 | 0.119914 | 0.035931 | 0.033071 | 0.065367 | 0.090555 | 0.012203 | 0.057132] ||
	|| {13}: Cumulative Yield Vertex:    0.027947 | 0.040064 | 0.037120 | 0.044704 | 0.041262 | 0.041687 | 0.043290 | 0.047471 | 0.040743 | 0.047697 | 0.044983 | 0.048169 | 0.052462 | 0.048315 | 0.049051 | 0.050203 | 0.050560 | 0.050010 | 0.048486 | 0.051029 | 0.050758 | 0.049573 | 0.051979 | 0.054764 | 0.054008 | 0.053197 | 0.053646 | 0.054952 | 0.053464 | 0.053587 ||
	||-------------------------------------------------------------------------------------------------------------------------------||
	|| {13}:  05444 => 04760 | 0162 | 0522 | 0000 ||
	||-------------------------------------------------------------------------------------------------------------------------------||
	|| {14}: [Value:  0.000587; Vertex:  0.028064 | 0.051936 | 0.031678 | 0.067020 | 0.027888 | 0.044893 | 0.049256 | 0.084793 |-0.021985 | 0.101014 | 0.034220 | 0.082112 | 0.099937 | 0.010007 | 0.047887 | 0.053457 | 0.068856 | 0.044534 | 0.020507 | 0.117151 | 0.035274 | 0.031005 | 0.089356 | 0.060329 | 0.097588 | 0.073850 | 0.064248 | 0.040622 | 0.022930 | 0.109958] ||
	|| {14}: Cumulative Yield Vertex:    0.028064 | 0.039981 | 0.037212 | 0.044619 | 0.041263 | 0.041869 | 0.042922 | 0.048106 | 0.040202 | 0.046214 | 0.045122 | 0.048177 | 0.052110 | 0.049068 | 0.048989 | 0.049268 | 0.050414 | 0.050087 | 0.048520 | 0.051896 | 0.051102 | 0.050182 | 0.051869 | 0.052220 | 0.054015 | 0.054776 | 0.055126 | 0.054606 | 0.053507 | 0.055367 ||
	||-------------------------------------------------------------------------------------------------------------------------------||
	|| {14}:  03435 => 02846 | 0112 | 0477 | 0000 ||
	||-------------------------------------------------------------------------------------------------------------------------------||
	|| {15}: [Value:  0.000576; Vertex:  0.028017 | 0.052054 | 0.031592 | 0.066942 | 0.028058 | 0.043642 | 0.052920 | 0.076672 |-0.011808 | 0.113501 | 0.014183 | 0.088689 | 0.086879 | 0.018209 | 0.051217 | 0.050678 | 0.075996 | 0.047248 |-0.001402 | 0.132737 | 0.056774 |-0.017477 | 0.113695 | 0.120523 | 0.079109 |-0.011792 | 0.105668 | 0.069872 |-0.051394 | 0.076537] ||
	|| {15}: Cumulative Yield Vertex:    0.028017 | 0.040016 | 0.037207 | 0.044595 | 0.041279 | 0.041673 | 0.043275 | 0.047417 | 0.040755 | 0.047929 | 0.044840 | 0.048456 | 0.051385 | 0.048992 | 0.049140 | 0.049236 | 0.050800 | 0.050602 | 0.047834 | 0.051995 | 0.052222 | 0.048995 | 0.051764 | 0.054582 | 0.055557 | 0.052920 | 0.054848 | 0.055382 | 0.051607 | 0.052435 ||
	||-------------------------------------------------------------------------------------------------------------------------------||
	|| {15}:  04903 => 04224 | 0165 | 0514 | 0000 ||
	||-------------------------------------------------------------------------------------------------------------------------------||
	|| {16}: [Value:  0.000587; Vertex:  0.028144 | 0.051799 | 0.031812 | 0.066193 | 0.029325 | 0.041808 | 0.056076 | 0.074316 |-0.014069 | 0.071193 | 0.066672 | 0.078935 | 0.097922 | 0.003977 | 0.044047 | 0.089847 | 0.059347 | 0.027735 | 0.016278 | 0.111945 | 0.049345 | 0.018823 | 0.107087 | 0.076445 | 0.081477 | 0.067728 |-0.023619 | 0.142092 |-0.039605 | 0.089679] ||
	|| {16}: Cumulative Yield Vertex:    0.028144 | 0.039953 | 0.037239 | 0.044434 | 0.041405 | 0.041472 | 0.043550 | 0.047368 | 0.040453 | 0.043513 | 0.045606 | 0.048361 | 0.052129 | 0.048644 | 0.048338 | 0.050906 | 0.051401 | 0.050077 | 0.048285 | 0.051420 | 0.051321 | 0.049830 | 0.052285 | 0.053285 | 0.054405 | 0.054916 | 0.051955 | 0.055106 | 0.051767 | 0.053022 ||
	||-------------------------------------------------------------------------------------------------------------------------------||
	|| {16}:  03256 => 02749 | 0076 | 0431 | 0000 ||
	||-------------------------------------------------------------------------------------------------------------------------------||
	|| {17}: [Value:  0.000589; Vertex:  0.028121 | 0.051893 | 0.031736 | 0.066774 | 0.027979 | 0.044691 | 0.051848 | 0.077070 |-0.013331 | 0.076299 | 0.058634 | 0.079758 | 0.106485 |-0.007007 | 0.057185 | 0.078532 | 0.023411 | 0.050868 | 0.055267 | 0.072542 | 0.080181 | 0.000694 | 0.083696 | 0.108000 | 0.065635 | 0.065215 | 0.064709 | 0.030365 | 0.031449 | 0.054320] ||
	|| {17}: Cumulative Yield Vertex:    0.028121 | 0.039988 | 0.037236 | 0.044576 | 0.041247 | 0.041822 | 0.043250 | 0.047444 | 0.040605 | 0.044153 | 0.045465 | 0.048299 | 0.052714 | 0.048381 | 0.048967 | 0.050801 | 0.049180 | 0.049274 | 0.049589 | 0.050730 | 0.052122 | 0.049751 | 0.051214 | 0.053548 | 0.054030 | 0.054460 | 0.054838 | 0.053960 | 0.053180 | 0.053218 ||
	||-------------------------------------------------------------------------------------------------------------------------------||
	|| {17}:  04933 => 04257 | 0156 | 0520 | 0000 ||
	||-------------------------------------------------------------------------------------------------------------------------------||
	|| {18}: [Value:  0.000575; Vertex:  0.028116 | 0.051881 | 0.031742 | 0.066575 | 0.028595 | 0.043349 | 0.053158 | 0.076713 |-0.012274 | 0.099149 | 0.031719 | 0.078699 | 0.109598 |-0.002958 | 0.060034 | 0.049160 | 0.051233 | 0.084102 |-0.021426 | 0.138710 | 0.056132 |-0.011087 | 0.122292 | 0.094405 | 0.089689 |-0.027276 | 0.125948 | 0.071710 |-0.025573 | 0.045991] ||
	|| {18}: Cumulative Yield Vertex:    0.028116 | 0.039981 | 0.037233 | 0.044524 | 0.041330 | 0.041667 | 0.043303 | 0.047447 | 0.040728 | 0.046507 | 0.045159 | 0.047932 | 0.052608 | 0.048580 | 0.049341 | 0.049330 | 0.049442 | 0.051356 | 0.047462 | 0.051928 | 0.052127 | 0.049205 | 0.052328 | 0.054063 | 0.055475 | 0.052223 | 0.054905 | 0.055503 | 0.052654 | 0.052431 ||
	||-------------------------------------------------------------------------------------------------------------------------------||
	|| {18}:  05204 => 04616 | 0117 | 0471 | 0000 ||
	||-------------------------------------------------------------------------------------------------------------------------------||
	|| {19}: [Value:  0.000586; Vertex:  0.027975 | 0.052239 | 0.031252 | 0.067955 | 0.026924 | 0.045166 | 0.049674 | 0.078587 |-0.007750 | 0.090814 | 0.034877 | 0.087364 | 0.089486 | 0.012432 | 0.050941 | 0.053837 | 0.078850 | 0.041606 | 0.012220 | 0.084317 | 0.065312 | 0.026184 | 0.115351 | 0.091765 | 0.048600 | 0.049002 | 0.031262 | 0.053269 | 0.061689 | 0.076415] ||
	|| {19}: Cumulative Yield Vertex:    0.027975 | 0.040088 | 0.037141 | 0.044796 | 0.041211 | 0.041871 | 0.042983 | 0.047397 | 0.041198 | 0.046116 | 0.045092 | 0.048580 | 0.051696 | 0.048861 | 0.048999 | 0.049301 | 0.051026 | 0.050501 | 0.048469 | 0.050246 | 0.050960 | 0.049825 | 0.052630 | 0.054244 | 0.054018 | 0.053825 | 0.052985 | 0.052995 | 0.053294 | 0.054062 ||
	||-------------------------------------------------------------------------------------------------------------------------------||
	|| {19}:  04983 => 04344 | 0136 | 0503 | 0000 ||
	||-------------------------------------------------------------------------------------------------------------------------------||

	|-----------------------------------------------------------------|
	|    Copyright (C) 2011-2026 (DRIP, DROP)
	|-----------------------------------------------------------------|
	|    Build Version  => 8.01.0 multi
	|    Build JVM (TM) => 15.0.1+9-18 mixed mode, sharing
	|    Build Snap     => Sat Sep 26 23:09:04 EST 2026
	|    Start Time     => Fri Oct 02 10:32:13 EDT 2026
	|    Setup Time     => Fri Oct 02 10:32:14 EDT 2026
	|    Finish Time    => Fri Oct 02 10:45:43 EDT 2026
	|    Setup Duration => 852 ms
	|    Run Duration   => 13 m 29 s 592 ms
	|-----------------------------------------------------------------|

