
	|-----------------------------------------------------------------|
	|    Copyright (C) 2011-2026 (DRIP, DROP)
	|-----------------------------------------------------------------|
	|    Build Version  => 8.01.0 multi
	|    Build JVM (TM) => 15.0.1+9-18 mixed mode, sharing
	|    Build Snap     => Sat Sep 26 23:09:04 EST 2026
	|    Start Time     => Thu Oct 01 21:34:02 EDT 2026
	|    Setup Time     => Thu Oct 01 21:34:02 EDT 2026
	|    Setup Duration => 775 ms
	|-----------------------------------------------------------------|

	||--------------------------------------------------||
	|| Multi-Bond Curve Calibrator => Multi-Bond Least-squares Function: {25-SEP-2026, USD, UST} {Pillar Dates: 25-SEP-2027, 25-SEP-2028, 25-SEP-2029, 25-SEP-2030, 25-SEP-2031, 25-SEP-2032, 25-SEP-2033, 25-SEP-2034, 25-SEP-2035, 25-SEP-2036, 25-SEP-2037, 25-SEP-2038, 25-SEP-2039, 25-SEP-2040, 25-SEP-2041, 25-SEP-2042, 25-SEP-2043, 25-SEP-2044, 25-SEP-2045, 25-SEP-2046, 25-SEP-2047, 25-SEP-2048, 25-SEP-2049, 25-SEP-2050, 25-SEP-2051, 25-SEP-2052, 25-SEP-2053, 25-SEP-2054, 25-SEP-2055, 25-SEP-2056, };
Calibration Components:
	[1 4.00 15-FEB-2029] => 099.908 | 01.00]
	[2 5.00 01-AUG-2029] => 102.160 | 01.00]
	[3 5.00 15-OCT-2029] => 103.519 | 01.00]
	[4 5.00 15-FEB-2030] => 102.500 | 01.00]
	[5 5.00 15-FEB-2029] => 103.139 | 01.00]
	[6 4.00 01-MAR-2029] => 100.997 | 01.00]
	[7 5.00 01-DEC-2029] => 103.406 | 01.00]
	[8 4.00 01-NOV-2029] => 102.299 | 01.00]
	[9 5.00 15-FEB-2030] => 102.717 | 01.00]
	[10 5.00 01-OCT-2028] => 102.911 | 01.00]
	[11 5.00 01-DEC-2028] => 101.912 | 01.00]
	[12 5.00 15-FEB-2029] => 102.520 | 01.00]
	[13 5.00 01-DEC-2028] => 102.300 | 01.00]
	[14 5.00 01-DEC-2029] => 101.390 | 01.00]
	[15 5.25 01-FEB-2028] => 101.685 | 01.00]
	[16 4.00 01-SEP-2027] => 101.458 | 01.00]
	[17 5.00 01-OCT-2029] => 104.180 | 01.00]
	[18 5.00 01-SEP-2028] => 102.138 | 01.00]
	[19 5.00 01-OCT-2028] => 101.613 | 01.00]
	[20 5.00 15-FEB-2028] => 101.566 | 01.00]
	[21 4.00 15-FEB-2029] => 099.308 | 01.00]
	[22 5.00 01-AUG-2029] => 102.160 | 01.00]
	[23 5.00 01-DEC-2031] => 102.393 | 01.00]
	[24 5.00 15-JUL-2030] => 101.789 | 01.00]
	[25 5.00 15-OCT-2029] => 103.519 | 01.00]
	[26 5.00 15-JUN-2031] => 102.508 | 01.00]
	[27 5.00 15-FEB-2030] => 102.500 | 01.00]
	[28 5.00 01-DEC-2031] => 104.367 | 01.00]
	[29 5.00 15-SEP-2031] => 103.830 | 01.00]
	[30 5.00 01-DEC-2031] => 104.428 | 01.00]
	[31 5.00 15-FEB-2029] => 103.139 | 01.00]
	[32 4.00 15-FEB-2031] => 100.930 | 01.00]
	[33 5.00 15-FEB-2031] => 102.911 | 01.00]
	[34 4.00 01-MAR-2029] => 100.997 | 01.00]
	[35 5.00 01-DEC-2029] => 103.406 | 01.00]
	[36 5.00 15-AUG-2031] => 104.846 | 01.00]
	[37 5.00 01-AUG-2031] => 102.660 | 01.00]
	[38 4.00 01-NOV-2029] => 102.299 | 01.00]
	[39 5.00 15-FEB-2030] => 102.717 | 01.00]
	[40 5.00 15-NOV-2030] => 101.733 | 01.00]
	[41 5.00 15-FEB-2033] => 104.480 | 01.00]
	[42 5.00 01-DEC-2031] => 102.393 | 01.00]
	[43 5.00 01-SEP-2033] => 106.315 | 01.00]
	[44 5.00 15-JUL-2030] => 101.789 | 01.00]
	[45 5.00 01-AUG-2033] => 106.279 | 01.00]
	[46 3.00 01-AUG-2033] => 091.858 | 01.00]
	[47 5.00 15-FEB-2033] => 104.370 | 01.00]
	[48 5.00 15-JUN-2031] => 102.508 | 01.00]
	[49 4.00 01-DEC-2033] => 096.755 | 01.00]
	[50 5.00 01-DEC-2031] => 104.367 | 01.00]
	[51 5.00 15-SEP-2031] => 103.830 | 01.00]
	[52 5.00 01-DEC-2031] => 104.428 | 01.00]
	[53 3.00 01-AUG-2033] => 090.860 | 01.00]
	[54 5.00 01-AUG-2032] => 104.339 | 01.00]
	[55 5.00 01-JUN-2032] => 104.219 | 01.00]
	[56 4.00 01-DEC-2033] => 097.556 | 01.00]
	[57 4.00 15-FEB-2031] => 100.930 | 01.00]
	[58 5.00 01-DEC-2033] => 100.840 | 01.00]
	[59 5.00 01-AUG-2032] => 104.178 | 01.00]
	[60 5.00 01-MAR-2032] => 104.380 | 01.00]
	[61 5.00 01-FEB-2038] => 101.599 | 01.00]
	[62 5.00 01-APR-2034] => 101.605 | 01.00]
	[63 5.00 01-DEC-2034] => 102.507 | 01.00]
	[64 5.00 15-FEB-2037] => 101.913 | 01.00]
	[65 5.00 01-FEB-2035] => 102.910 | 01.00]
	[66 5.00 15-FEB-2035] => 104.250 | 01.00]
	[67 4.00 15-AUG-2037] => 099.777 | 01.00]
	[68 4.00 15-AUG-2037] => 099.777 | 01.00]
	[69 5.00 01-MAR-2035] => 104.901 | 01.00]
	[70 5.00 01-FEB-2035] => 102.229 | 01.00]
	[71 5.00 15-FEB-2035] => 104.000 | 01.00]
	[72 5.00 01-JUN-2035] => 104.793 | 01.00]
	[73 5.00 01-AUG-2037] => 103.608 | 01.00]
	[74 5.00 01-JUL-2037] => 104.596 | 01.00]
	[75 5.00 01-FEB-2035] => 104.502 | 01.00]
	[76 4.00 15-FEB-2038] => 094.301 | 01.00]
	[77 5.00 01-OCT-2037] => 103.848 | 01.00]
	[78 5.00 01-AUG-2037] => 101.030 | 01.00]
	[79 5.00 01-AUG-2034] => 103.580 | 01.00]
	[80 5.00 15-AUG-2038] => 101.825 | 01.00]
	[81 5.00 01-FEB-2038] => 101.599 | 01.00]
	[82 4.00 15-AUG-2037] => 099.777 | 01.00]
	[83 5.00 01-JUL-2040] => 099.500 | 01.00]
	[84 5.00 15-FEB-2042] => 100.098 | 01.00]
	[85 5.00 01-JUL-2040] => 102.153 | 01.00]
	[86 5.00 01-AUG-2037] => 103.608 | 01.00]
	[87 5.00 01-JUL-2037] => 104.596 | 01.00]
	[88 4.00 01-DEC-2039] => 085.921 | 01.00]
	[89 5.00 15-JUN-2041] => 100.404 | 01.00]
	[90 4.00 15-FEB-2038] => 094.301 | 01.00]
	[91 5.00 01-OCT-2037] => 103.848 | 01.00]
	[92 5.00 01-AUG-2037] => 101.030 | 01.00]
	[93 5.00 15-AUG-2038] => 101.825 | 01.00]
	[94 4.00 01-DEC-2037] => 091.511 | 01.00]
	[95 5.00 01-DEC-2039] => 100.105 | 01.00]
	[96 5.00 01-DEC-2041] => 100.679 | 01.00]
	[97 5.00 15-FEB-2042] => 101.206 | 01.00]
	[98 5.00 15-FEB-2041] => 101.307 | 01.00]
	[99 5.00 01-OCT-2038] => 103.807 | 01.00]
	[100 5.00 15-DEC-2041] => 102.546 | 01.00]
	[101 4.00 01-FEB-2043] => 087.590 | 01.00]
	[102 5.00 01-JUL-2040] => 099.500 | 01.00]
	[103 5.00 15-FEB-2042] => 100.098 | 01.00]
	[104 5.00 01-JUL-2040] => 102.153 | 01.00]
	[105 4.00 15-FEB-2044] => 086.216 | 01.00]
	[106 5.00 15-JUN-2041] => 100.404 | 01.00]
	[107 3.12 15-AUG-2044] => 074.209 | 01.00]
	[108 5.25 15-JUN-2044] => 103.386 | 01.00]
	[109 4.00 01-OCT-2044] => 090.202 | 01.00]
	[110 5.00 01-DEC-2041] => 100.679 | 01.00]
	[111 5.00 01-AUG-2042] => 101.398 | 01.00]
	[112 5.00 15-FEB-2042] => 101.206 | 01.00]
	[113 5.00 15-FEB-2041] => 101.307 | 01.00]
	[114 5.00 15-DEC-2041] => 102.546 | 01.00]
	[115 5.00 01-APR-2043] => 098.596 | 01.00]
	[116 4.00 01-AUG-2043] => 091.366 | 01.00]
	[117 5.25 01-DEC-2040] => 103.561 | 01.00]
	[118 4.00 01-AUG-2041] => 089.275 | 01.00]
	[119 5.00 01-AUG-2044] => 100.962 | 01.00]
	[120 4.00 01-AUG-2046] => 086.847 | 01.00]
	[121 5.00 15-FEB-2048] => 099.994 | 01.00]
	[122 4.00 15-JUN-2049] => 080.650 | 01.00]
	[123 4.00 01-AUG-2046] => 086.847 | 01.00]
	[124 4.00 01-APR-2045] => 084.923 | 01.00]
	[125 4.00 01-AUG-2047] => 082.634 | 01.00]
	[126 4.00 01-JUN-2047] => 085.130 | 01.00]
	[127 5.00 01-APR-2048] => 100.144 | 01.00]
	[128 5.00 01-SEP-2045] => 102.435 | 01.00]
	[129 5.00 01-OCT-2048] => 100.701 | 01.00]
	[130 4.00 01-OCT-2045] => 090.679 | 01.00]
	[131 5.00 15-SEP-2045] => 099.835 | 01.00]
	[132 5.00 01-FEB-2046] => 102.589 | 01.00]
	[133 4.00 01-FEB-2047] => 084.149 | 01.00]
	[134 5.00 01-FEB-2052] => 093.173 | 01.00]
	[135 4.62 15-JUN-2045] => 100.419 | 01.00]
	[136 5.00 01-JUL-2045] => 100.733 | 01.00]
	[137 5.00 15-FEB-2049] => 102.120 | 01.00]
	[138 5.00 15-AUG-2049] => 098.927 | 01.00]
	[139 5.00 15-SEP-2048] => 099.268 | 01.00]
	[140 5.25 15-FEB-2049] => 105.177 | 01.00]
	[141 5.00 15-MAR-2050] => 096.043 | 01.00]
	[142 5.25 15-MAR-2050] => 094.408 | 01.00]
	[143 5.00 15-JUN-2050] => 095.368 | 01.00]
	[144 5.00 01-DEC-2055] => 093.455 | 01.00]
	[145 5.00 15-FEB-2051] => 094.711 | 01.00]
	[146 5.00 15-FEB-2051] => 098.621 | 01.00]
	[147 4.25 01-FEB-2054] => 080.086 | 01.00]
	[148 5.25 01-FEB-2053] => 096.535 | 01.00]
	[149 5.00 01-AUG-2052] => 095.798 | 01.00]
	[150 5.25 01-DEC-2054] => 094.668 | 01.00]
	[151 4.50 15-MAY-2052] => 084.838 | 01.00]
	[152 5.00 01-JUN-2055] => 094.722 | 01.00]
	[153 5.25 01-AUG-2050] => 100.836 | 01.00]
	[154 5.25 15-JUN-2055] => 097.958 | 01.00]
	[155 5.00 01-DEC-2052] => 100.367 | 01.00]
	[156 4.50 15-AUG-2050] => 088.758 | 01.00]
	[157 4.25 01-AUG-2052] => 084.874 | 01.00]
	[158 4.00 01-JUN-2051] => 076.770 | 01.00]
	[159 5.00 15-MAR-2055] => 094.590 | 01.00]
	[160 5.00 01-JAN-2056] => 103.206 | 01.00]
	||  {Vertex Count => 40 | Lower Search Bound => 0.01 | Upper Search Bound => 0.09 | Incorporate Centroid => false | Tolerance => 1.e-8}
	||--------------------------------------------------||

	||-------------------------------------------------------------------------------------------------------------------------------||
	|| {0}: [Value:  0.000730; Vertex:  0.028166 | 0.051775 | 0.031922 | 0.066621 | 0.028288 | 0.044285 | 0.050845 | 0.082343 |-0.022769 | 0.092886 | 0.046661 | 0.076318 | 0.106631 | 0.005564 | 0.043909 | 0.081671 | 0.038864 | 0.037935 | 0.038430 | 0.095205 | 0.062049 | 0.006338 | 0.104220 | 0.114208 | 0.060017 | 0.014699 | 0.091793 | 0.043464 | 0.028712 | 0.125065] ||
	|| {0}: Cumulative Yield Vertex:    0.028166 | 0.039953 | 0.037275 | 0.044567 | 0.041303 | 0.041800 | 0.043089 | 0.047952 | 0.039975 | 0.045216 | 0.045347 | 0.047908 | 0.052364 | 0.048979 | 0.048640 | 0.050688 | 0.049991 | 0.049318 | 0.048744 | 0.051041 | 0.051563 | 0.049482 | 0.051830 | 0.054390 | 0.054615 | 0.053062 | 0.054483 | 0.054088 | 0.053209 | 0.055569 ||
	||-------------------------------------------------------------------------------------------------------------------------------||
	|| {0}:  06339 => 05535 | 0214 | 0590 | 0000 ||
	||-------------------------------------------------------------------------------------------------------------------------------||
	|| {1}: [Value:  0.000724; Vertex:  0.028118 | 0.051969 | 0.031521 | 0.067299 | 0.028085 | 0.041742 | 0.056527 | 0.067067 | 0.009387 | 0.093014 | 0.020914 | 0.089251 | 0.086554 | 0.014547 | 0.055704 | 0.050773 | 0.061259 | 0.057887 | 0.007018 | 0.089730 | 0.141114 |-0.071433 | 0.131884 | 0.096891 | 0.048676 | 0.051052 | 0.052505 | 0.093113 |-0.000560 | 0.055404] ||
	|| {1}: Cumulative Yield Vertex:    0.028118 | 0.040025 | 0.037189 | 0.044670 | 0.041344 | 0.041410 | 0.043561 | 0.046483 | 0.042330 | 0.047352 | 0.044936 | 0.048591 | 0.051484 | 0.048818 | 0.049276 | 0.049370 | 0.050067 | 0.050501 | 0.048191 | 0.050247 | 0.054482 | 0.048573 | 0.052124 | 0.053969 | 0.053757 | 0.053653 | 0.053610 | 0.055007 | 0.053067 | 0.053145 ||
	||-------------------------------------------------------------------------------------------------------------------------------||
	|| {1}:  04507 => 03875 | 0137 | 0495 | 0000 ||
	||-------------------------------------------------------------------------------------------------------------------------------||
	|| {2}: [Value:  0.000736; Vertex:  0.028133 | 0.051783 | 0.031796 | 0.067142 | 0.027927 | 0.043714 | 0.054623 | 0.060569 | 0.028045 | 0.063655 | 0.040076 | 0.083608 | 0.097164 | 0.013725 | 0.031202 | 0.091835 | 0.046472 | 0.058917 |-0.013084 | 0.114852 | 0.069586 | 0.001427 | 0.144011 | 0.050647 | 0.095274 | 0.014627 | 0.019619 | 0.087890 | 0.061963 |-0.012230] ||
	|| {2}: Cumulative Yield Vertex:    0.028133 | 0.039940 | 0.037224 | 0.044658 | 0.041302 | 0.041705 | 0.043544 | 0.045663 | 0.043699 | 0.045690 | 0.045179 | 0.048352 | 0.052064 | 0.049296 | 0.048085 | 0.050791 | 0.050537 | 0.051002 | 0.047581 | 0.050891 | 0.051777 | 0.049456 | 0.053476 | 0.053358 | 0.055018 | 0.053446 | 0.052184 | 0.053448 | 0.053741 | 0.051503 ||
	||-------------------------------------------------------------------------------------------------------------------------------||
	|| {2}:  05991 => 05213 | 0199 | 0579 | 0000 ||
	||-------------------------------------------------------------------------------------------------------------------------------||
	|| {3}: [Value:  0.000724; Vertex:  0.028132 | 0.051843 | 0.031742 | 0.067060 | 0.028320 | 0.041660 | 0.055559 | 0.070309 | 0.003067 | 0.100977 | 0.017998 | 0.086075 | 0.090114 | 0.014508 | 0.045606 | 0.070137 | 0.080067 | 0.011225 | 0.023094 | 0.150761 | 0.020417 | 0.002580 | 0.123687 | 0.051766 | 0.126192 | 0.019342 | 0.093137 | 0.020571 | 0.030624 |-0.072381] ||
	|| {3}: Cumulative Yield Vertex:    0.028132 | 0.039970 | 0.037226 | 0.044639 | 0.041366 | 0.041415 | 0.043428 | 0.046767 | 0.041868 | 0.047714 | 0.044997 | 0.048386 | 0.051564 | 0.048890 | 0.048671 | 0.050005 | 0.051760 | 0.049482 | 0.048086 | 0.053098 | 0.051531 | 0.049276 | 0.052454 | 0.052425 | 0.055324 | 0.053926 | 0.055364 | 0.054112 | 0.053298 | 0.048971 ||
	||-------------------------------------------------------------------------------------------------------------------------------||
	|| {3}:  06995 => 06173 | 0226 | 0596 | 0000 ||
	||-------------------------------------------------------------------------------------------------------------------------------||
	|| {4}: [Value:  0.000725; Vertex:  0.028177 | 0.051975 | 0.031380 | 0.068123 | 0.026047 | 0.046877 | 0.049918 | 0.074752 |-0.002335 | 0.103231 | 0.017123 | 0.090177 | 0.097512 | 0.006223 | 0.038099 | 0.097239 | 0.008891 | 0.083795 | 0.004751 | 0.116219 | 0.066900 |-0.014779 | 0.101425 | 0.106572 | 0.062674 | 0.048856 | 0.052772 | 0.089317 |-0.009519 | 0.073818] ||
	|| {4}: Cumulative Yield Vertex:    0.028177 | 0.040058 | 0.037164 | 0.044855 | 0.041081 | 0.042048 | 0.043169 | 0.047088 | 0.041540 | 0.047639 | 0.044848 | 0.048585 | 0.052305 | 0.048972 | 0.048246 | 0.051272 | 0.048756 | 0.050691 | 0.048249 | 0.051593 | 0.052319 | 0.049214 | 0.051455 | 0.053721 | 0.054078 | 0.053877 | 0.053836 | 0.055092 | 0.052831 | 0.053528 ||
	||-------------------------------------------------------------------------------------------------------------------------------||
	|| {4}:  08856 => 08005 | 0242 | 0609 | 0000 ||
	||-------------------------------------------------------------------------------------------------------------------------------||
	|| {5}: [Value:  0.000724; Vertex:  0.028130 | 0.051851 | 0.031847 | 0.066488 | 0.028861 | 0.042240 | 0.054574 | 0.076339 |-0.015157 | 0.107348 | 0.025316 | 0.084303 | 0.087459 | 0.025905 | 0.034147 | 0.077833 | 0.057438 | 0.037746 | 0.027837 | 0.092457 | 0.064181 |-0.011442 | 0.135105 | 0.114136 | 0.002820 | 0.079374 | 0.078548 | 0.073019 |-0.021241 |-0.006930] ||
	|| {5}: Cumulative Yield Vertex:    0.028130 | 0.039972 | 0.037262 | 0.044525 | 0.041384 | 0.041527 | 0.043384 | 0.047472 | 0.040421 | 0.047030 | 0.045048 | 0.048288 | 0.051273 | 0.049447 | 0.048424 | 0.050249 | 0.050671 | 0.049949 | 0.048780 | 0.050941 | 0.051569 | 0.048656 | 0.052338 | 0.054875 | 0.052769 | 0.053788 | 0.054699 | 0.055350 | 0.052662 | 0.050643 ||
	||-------------------------------------------------------------------------------------------------------------------------------||
	|| {5}:  05079 => 04509 | 0110 | 0460 | 0000 ||
	||-------------------------------------------------------------------------------------------------------------------------------||
	|| {6}: [Value:  0.000732; Vertex:  0.028140 | 0.051901 | 0.031557 | 0.067202 | 0.027968 | 0.043794 | 0.052407 | 0.072384 | 0.002801 | 0.070286 | 0.051721 | 0.079988 | 0.088090 | 0.028255 | 0.033602 | 0.060078 | 0.086368 | 0.038198 |-0.000281 | 0.107434 | 0.089970 |-0.025775 | 0.133667 | 0.079281 | 0.060998 | 0.035267 | 0.087127 | 0.013391 | 0.049496 | 0.101842] ||
	|| {6}: Cumulative Yield Vertex:    0.028140 | 0.040002 | 0.037186 | 0.044644 | 0.041300 | 0.041716 | 0.043239 | 0.046857 | 0.041917 | 0.044742 | 0.045375 | 0.048235 | 0.051272 | 0.049616 | 0.048545 | 0.049264 | 0.051427 | 0.050688 | 0.047975 | 0.050906 | 0.052748 | 0.049105 | 0.052708 | 0.053808 | 0.054095 | 0.053366 | 0.054606 | 0.053120 | 0.052995 | 0.054608 ||
	||-------------------------------------------------------------------------------------------------------------------------------||
	|| {6}:  06887 => 06106 | 0205 | 0576 | 0000 ||
	||-------------------------------------------------------------------------------------------------------------------------------||
	|| {7}: [Value:  0.000726; Vertex:  0.028146 | 0.051775 | 0.031905 | 0.066300 | 0.028928 | 0.044045 | 0.050048 | 0.085012 |-0.027443 | 0.116017 | 0.023739 | 0.085371 | 0.106293 |-0.003657 | 0.055859 | 0.044443 | 0.086212 | 0.037683 | 0.009773 | 0.107391 | 0.067395 | 0.013141 | 0.095967 | 0.066934 | 0.099718 | 0.059122 | 0.035793 | 0.066904 | 0.011083 | 0.049536] ||
	|| {7}: Cumulative Yield Vertex:    0.028146 | 0.039942 | 0.037262 | 0.044478 | 0.041360 | 0.041808 | 0.042982 | 0.048186 | 0.039647 | 0.047172 | 0.045033 | 0.048362 | 0.052758 | 0.048668 | 0.049146 | 0.048852 | 0.051030 | 0.050285 | 0.048134 | 0.051055 | 0.051829 | 0.050051 | 0.052025 | 0.052644 | 0.054505 | 0.054683 | 0.053981 | 0.054440 | 0.052931 | 0.052817 ||
	||-------------------------------------------------------------------------------------------------------------------------------||
	|| {7}:  04949 => 04306 | 0141 | 0502 | 0000 ||
	||-------------------------------------------------------------------------------------------------------------------------------||
	|| {8}: [Value:  0.000721; Vertex:  0.028058 | 0.052010 | 0.031672 | 0.066731 | 0.028731 | 0.041519 | 0.056665 | 0.066487 | 0.009824 | 0.087094 | 0.028953 | 0.080239 | 0.113049 |-0.007951 | 0.053910 | 0.063816 | 0.057919 | 0.049272 | 0.011407 | 0.136389 | 0.012997 | 0.024394 | 0.114258 | 0.093477 | 0.095172 | 0.002029 | 0.072534 | 0.058776 | 0.007860 | 0.019526] ||
	|| {8}: Cumulative Yield Vertex:    0.028058 | 0.040015 | 0.037233 | 0.044563 | 0.041388 | 0.041410 | 0.043581 | 0.046428 | 0.042331 | 0.046772 | 0.045147 | 0.048047 | 0.052972 | 0.048550 | 0.048907 | 0.049835 | 0.050309 | 0.050252 | 0.048190 | 0.052509 | 0.050611 | 0.049410 | 0.052186 | 0.053889 | 0.055523 | 0.053435 | 0.054139 | 0.054304 | 0.052686 | 0.051570 ||
	||-------------------------------------------------------------------------------------------------------------------------------||
	|| {8}:  05251 => 04525 | 0178 | 0548 | 0000 ||
	||-------------------------------------------------------------------------------------------------------------------------------||
	|| {9}: [Value:  0.000722; Vertex:  0.028153 | 0.051963 | 0.031469 | 0.067281 | 0.027759 | 0.043892 | 0.051058 | 0.086879 |-0.032607 | 0.097761 | 0.046797 | 0.087769 | 0.090757 | 0.005884 | 0.060849 | 0.038576 | 0.070586 | 0.070035 |-0.005769 | 0.103098 | 0.065692 | 0.014342 | 0.139248 | 0.016484 | 0.131871 | 0.001092 | 0.075055 | 0.105400 |-0.022513 | 0.004527] ||
	|| {9}: Cumulative Yield Vertex:    0.028153 | 0.040040 | 0.037181 | 0.044660 | 0.041270 | 0.041708 | 0.043040 | 0.048465 | 0.039300 | 0.045083 | 0.045239 | 0.048747 | 0.051947 | 0.048615 | 0.049428 | 0.048748 | 0.050026 | 0.051135 | 0.048102 | 0.050815 | 0.051521 | 0.049813 | 0.053619 | 0.052060 | 0.055192 | 0.053080 | 0.053889 | 0.055706 | 0.052960 | 0.051323 ||
	||-------------------------------------------------------------------------------------------------------------------------------||
	|| {9}:  07035 => 06212 | 0225 | 0598 | 0000 ||
	||-------------------------------------------------------------------------------------------------------------------------------||
	|| {10}: [Value:  0.000722; Vertex:  0.028099 | 0.051965 | 0.031691 | 0.067197 | 0.027690 | 0.043762 | 0.053805 | 0.071495 |-0.001038 | 0.088109 | 0.036040 | 0.079428 | 0.116189 |-0.018863 | 0.062639 | 0.073930 | 0.057360 | 0.018773 | 0.039424 | 0.105713 | 0.067810 |-0.012801 | 0.155113 | 0.028317 | 0.084418 | 0.049578 | 0.166122 | 0.002802 |-0.052800 | 0.078495] ||
	|| {10}: Cumulative Yield Vertex:    0.028099 | 0.040013 | 0.037238 | 0.044682 | 0.041274 | 0.041689 | 0.043414 | 0.046901 | 0.041521 | 0.046142 | 0.045222 | 0.048049 | 0.053208 | 0.047964 | 0.048939 | 0.050491 | 0.050894 | 0.049093 | 0.048583 | 0.051400 | 0.052178 | 0.049173 | 0.053666 | 0.052604 | 0.053866 | 0.053701 | 0.057756 | 0.055769 | 0.051929 | 0.052811 ||
	||-------------------------------------------------------------------------------------------------------------------------------||
	|| {10}:  08225 => 07249 | 0292 | 0684 | 0000 ||
	||-------------------------------------------------------------------------------------------------------------------------------||
	|| {11}: [Value:  0.000731; Vertex:  0.028209 | 0.051784 | 0.031788 | 0.066293 | 0.029231 | 0.042459 | 0.054408 | 0.070892 | 0.000922 | 0.091719 | 0.028541 | 0.086272 | 0.111493 |-0.012031 | 0.062273 | 0.042107 | 0.082825 | 0.046714 | 0.008824 | 0.078074 | 0.065930 | 0.043326 | 0.091762 | 0.096894 | 0.043256 | 0.075018 | 0.073714 | 0.019895 | 0.024899 | 0.008395] ||
	|| {11}: Cumulative Yield Vertex:    0.028209 | 0.039978 | 0.037247 | 0.044465 | 0.041411 | 0.041586 | 0.043411 | 0.046824 | 0.041675 | 0.046635 | 0.044985 | 0.048391 | 0.053175 | 0.048438 | 0.049357 | 0.048903 | 0.050882 | 0.050650 | 0.048428 | 0.049899 | 0.050659 | 0.050325 | 0.052108 | 0.053954 | 0.053525 | 0.054349 | 0.055063 | 0.053797 | 0.052794 | 0.051296 ||
	||-------------------------------------------------------------------------------------------------------------------------------||
	|| {11}:  05655 => 04950 | 0172 | 0533 | 0000 ||
	||-------------------------------------------------------------------------------------------------------------------------------||
	|| {12}: [Value:  0.000752; Vertex:  0.028183 | 0.051655 | 0.031939 | 0.067225 | 0.027640 | 0.044810 | 0.050236 | 0.080067 |-0.015854 | 0.127479 |-0.000714 | 0.105247 | 0.048200 | 0.058636 | 0.034940 | 0.044971 | 0.084598 | 0.034534 | 0.032672 | 0.059201 | 0.108057 | 0.011895 | 0.073253 | 0.098746 | 0.059301 | 0.052434 | 0.066974 | 0.054619 | 0.028784 | 0.143583] ||
	|| {12}: Cumulative Yield Vertex:    0.028183 | 0.039901 | 0.037246 | 0.044695 | 0.041274 | 0.041864 | 0.043057 | 0.047644 | 0.040494 | 0.049046 | 0.044475 | 0.049468 | 0.049371 | 0.050033 | 0.049024 | 0.048770 | 0.050859 | 0.049947 | 0.049035 | 0.049542 | 0.052289 | 0.050432 | 0.051418 | 0.053367 | 0.053604 | 0.053559 | 0.054054 | 0.054074 | 0.053197 | 0.056154 ||
	||-------------------------------------------------------------------------------------------------------------------------------||
	|| {12}:  06015 => 05168 | 0235 | 0612 | 0000 ||
	||-------------------------------------------------------------------------------------------------------------------------------||
	|| {13}: [Value:  0.000728; Vertex:  0.028162 | 0.051783 | 0.031800 | 0.066746 | 0.028329 | 0.044282 | 0.051992 | 0.079203 |-0.019061 | 0.090151 | 0.045421 | 0.084131 | 0.094145 | 0.017103 | 0.039340 | 0.072780 | 0.044016 | 0.054208 | 0.018346 | 0.073711 | 0.156137 |-0.059930 | 0.133659 | 0.054909 | 0.080616 | 0.047144 | 0.062809 | 0.063094 | 0.016241 | 0.075647] ||
	|| {13}: Cumulative Yield Vertex:    0.028162 | 0.039954 | 0.037235 | 0.044568 | 0.041311 | 0.041807 | 0.043258 | 0.047714 | 0.040189 | 0.045141 | 0.045166 | 0.048383 | 0.051865 | 0.049357 | 0.048689 | 0.050185 | 0.049822 | 0.050066 | 0.048385 | 0.049643 | 0.054590 | 0.049230 | 0.052828 | 0.052914 | 0.054015 | 0.053749 | 0.054084 | 0.054405 | 0.053078 | 0.053828 ||
	||-------------------------------------------------------------------------------------------------------------------------------||
	|| {13}:  07069 => 06220 | 0237 | 0612 | 0000 ||
	||-------------------------------------------------------------------------------------------------------------------------------||
	|| {14}: [Value:  0.000717; Vertex:  0.028086 | 0.051962 | 0.031689 | 0.066909 | 0.028335 | 0.042615 | 0.054135 | 0.073039 |-0.003001 | 0.103920 | 0.017290 | 0.091383 | 0.101485 |-0.006895 | 0.067775 | 0.029666 | 0.103685 | 0.025255 | 0.006435 | 0.130023 | 0.051146 | 0.011995 | 0.087150 | 0.107647 | 0.081052 | 0.003064 | 0.118747 | 0.053608 |-0.023065 | 0.040696] ||
	|| {14}: Cumulative Yield Vertex:    0.028086 | 0.040006 | 0.037232 | 0.044606 | 0.041344 | 0.041556 | 0.043347 | 0.047032 | 0.041415 | 0.047593 | 0.044821 | 0.048659 | 0.052672 | 0.048351 | 0.049639 | 0.048386 | 0.051596 | 0.050121 | 0.047800 | 0.051832 | 0.051799 | 0.049969 | 0.051571 | 0.053876 | 0.054955 | 0.052931 | 0.055330 | 0.055268 | 0.052518 | 0.052122 ||
	||-------------------------------------------------------------------------------------------------------------------------------||
	|| {14}:  06919 => 06227 | 0173 | 0519 | 0000 ||
	||-------------------------------------------------------------------------------------------------------------------------------||
	|| {15}: [Value:  0.000730; Vertex:  0.028109 | 0.051906 | 0.031680 | 0.066857 | 0.028718 | 0.041517 | 0.056026 | 0.068600 | 0.005001 | 0.100758 | 0.017301 | 0.080406 | 0.112879 |-0.006399 | 0.069618 | 0.005018 | 0.135890 | 0.012697 | 0.022198 | 0.111517 | 0.044050 | 0.019093 | 0.092080 | 0.094544 | 0.094587 | 0.016539 | 0.120744 | 0.001380 | 0.010023 | 0.128136] ||
	|| {15}: Cumulative Yield Vertex:    0.028109 | 0.039989 | 0.037218 | 0.044583 | 0.041402 | 0.041421 | 0.043499 | 0.046618 | 0.041954 | 0.047771 | 0.044984 | 0.047911 | 0.052834 | 0.048537 | 0.049934 | 0.047100 | 0.052216 | 0.049996 | 0.048524 | 0.051627 | 0.051265 | 0.049789 | 0.051609 | 0.053379 | 0.055010 | 0.053514 | 0.055964 | 0.053990 | 0.052459 | 0.054943 ||
	||-------------------------------------------------------------------------------------------------------------------------------||
	|| {15}:  05920 => 05160 | 0195 | 0565 | 0000 ||
	||-------------------------------------------------------------------------------------------------------------------------------||
	|| {16}: [Value:  0.000727; Vertex:  0.028099 | 0.052022 | 0.031571 | 0.066919 | 0.028244 | 0.043152 | 0.053561 | 0.071488 | 0.003285 | 0.078220 | 0.042907 | 0.078354 | 0.106837 |-0.002876 | 0.066827 | 0.021413 | 0.123838 | 0.012315 | 0.014011 | 0.115335 | 0.059236 |-0.001658 | 0.106439 | 0.106353 | 0.031940 | 0.091978 | 0.039097 | 0.079488 |-0.012988 | 0.044941] ||
	|| {16}: Cumulative Yield Vertex:    0.028099 | 0.040042 | 0.037217 | 0.044597 | 0.041318 | 0.041624 | 0.043324 | 0.046821 | 0.041940 | 0.045546 | 0.045306 | 0.048038 | 0.052500 | 0.048486 | 0.049703 | 0.047924 | 0.052311 | 0.050064 | 0.048152 | 0.051457 | 0.051827 | 0.049360 | 0.051808 | 0.054050 | 0.053162 | 0.054644 | 0.054067 | 0.054969 | 0.052589 | 0.052333 ||
	||-------------------------------------------------------------------------------------------------------------------------------||
	|| {16}:  05282 => 04593 | 0159 | 0530 | 0000 ||
	||-------------------------------------------------------------------------------------------------------------------------------||
	|| {17}: [Value:  0.000743; Vertex:  0.028091 | 0.051907 | 0.031909 | 0.066343 | 0.029072 | 0.040522 | 0.058828 | 0.058227 | 0.030608 | 0.047617 | 0.058233 | 0.072986 | 0.103872 | 0.014708 | 0.027559 | 0.101705 | 0.040332 | 0.033752 | 0.036394 | 0.089066 | 0.043377 | 0.042521 | 0.075368 | 0.117122 | 0.065757 | 0.034853 | 0.089195 | 0.061197 |-0.026911 | 0.125784] ||
	|| {17}: Cumulative Yield Vertex:    0.028091 | 0.039980 | 0.037289 | 0.044509 | 0.041414 | 0.041265 | 0.043763 | 0.045564 | 0.043898 | 0.044270 | 0.045535 | 0.047807 | 0.052063 | 0.049367 | 0.047907 | 0.051226 | 0.050584 | 0.049644 | 0.048945 | 0.050931 | 0.050571 | 0.050203 | 0.051290 | 0.053990 | 0.054459 | 0.053700 | 0.055003 | 0.055224 | 0.052337 | 0.054749 ||
	||-------------------------------------------------------------------------------------------------------------------------------||
	|| {17}:  06152 => 05407 | 0187 | 0558 | 0000 ||
	||-------------------------------------------------------------------------------------------------------------------------------||
	|| {18}: [Value:  0.000723; Vertex:  0.028151 | 0.051841 | 0.031688 | 0.067288 | 0.027812 | 0.042824 | 0.053735 | 0.078941 |-0.018762 | 0.110976 | 0.025416 | 0.073997 | 0.100009 | 0.023809 | 0.036593 | 0.065290 | 0.049523 | 0.064322 | 0.010731 | 0.095056 | 0.048775 | 0.028902 | 0.126312 | 0.069970 | 0.054382 | 0.069433 | 0.105083 | 0.035652 |-0.026578 |-0.038621] ||
	|| {18}: Cumulative Yield Vertex:    0.028151 | 0.039978 | 0.037213 | 0.044686 | 0.041302 | 0.041556 | 0.043290 | 0.047710 | 0.040220 | 0.047201 | 0.045212 | 0.047594 | 0.051576 | 0.049577 | 0.048709 | 0.049741 | 0.049728 | 0.050538 | 0.048425 | 0.050730 | 0.050637 | 0.049642 | 0.052915 | 0.053622 | 0.053652 | 0.054258 | 0.056117 | 0.055383 | 0.052503 | 0.049392 ||
	||-------------------------------------------------------------------------------------------------------------------------------||
	|| {18}:  05248 => 04605 | 0143 | 0500 | 0000 ||
	||-------------------------------------------------------------------------------------------------------------------------------||
	|| {19}: [Value:  0.000731; Vertex:  0.028021 | 0.052112 | 0.031604 | 0.066975 | 0.028389 | 0.041535 | 0.056236 | 0.072442 |-0.006023 | 0.081298 | 0.046948 | 0.078753 | 0.112885 |-0.009227 | 0.062056 | 0.045682 | 0.063663 | 0.057616 | 0.014857 | 0.106628 | 0.056968 | 0.022113 | 0.056376 | 0.134813 | 0.092339 |-0.005345 | 0.075291 | 0.046094 | 0.034937 | 0.130325] ||
	|| {19}: Cumulative Yield Vertex:    0.028021 | 0.040048 | 0.037232 | 0.044622 | 0.041367 | 0.041395 | 0.043507 | 0.047099 | 0.041131 | 0.045120 | 0.045286 | 0.048052 | 0.052965 | 0.048450 | 0.049354 | 0.049124 | 0.049976 | 0.050401 | 0.048516 | 0.051381 | 0.051647 | 0.050292 | 0.050556 | 0.053997 | 0.055516 | 0.053137 | 0.053952 | 0.053671 | 0.053023 | 0.055559 ||
	||-------------------------------------------------------------------------------------------------------------------------------||
	|| {19}:  06218 => 05445 | 0201 | 0572 | 0000 ||
	||-------------------------------------------------------------------------------------------------------------------------------||

	|-----------------------------------------------------------------|
	|    Copyright (C) 2011-2026 (DRIP, DROP)
	|-----------------------------------------------------------------|
	|    Build Version  => 8.01.0 multi
	|    Build JVM (TM) => 15.0.1+9-18 mixed mode, sharing
	|    Build Snap     => Sat Sep 26 23:09:04 EST 2026
	|    Start Time     => Thu Oct 01 21:34:02 EDT 2026
	|    Setup Time     => Thu Oct 01 21:34:02 EDT 2026
	|    Finish Time    => Thu Oct 01 22:03:58 EDT 2026
	|    Setup Duration => 775 ms
	|    Run Duration   => 29 m 55 s 394 ms
	|-----------------------------------------------------------------|

