
	|-----------------------------------------------------------------|
	|    Copyright (C) 2011-2026 (DRIP, DROP)
	|-----------------------------------------------------------------|
	|    Build Version  => 8.01.0 multi
	|    Build JVM (TM) => 15.0.1+9-18 mixed mode, sharing
	|    Build Snap     => Sat Sep 26 23:09:04 EST 2026
	|    Start Time     => Thu Oct 01 20:31:25 EDT 2026
	|    Setup Time     => Thu Oct 01 20:31:25 EDT 2026
	|    Setup Duration => 716 ms
	|-----------------------------------------------------------------|

	||--------------------------------------------------||
	|| Multi-Bond Curve Calibrator => Multi-Bond Least-squares Function: {25-SEP-2026, USD, UST} {Pillar Dates: 25-SEP-2027, 25-SEP-2028, 25-SEP-2029, 25-SEP-2030, 25-SEP-2031, 25-SEP-2032, 25-SEP-2033, 25-SEP-2034, 25-SEP-2035, 25-SEP-2036, 25-SEP-2037, 25-SEP-2038, 25-SEP-2039, 25-SEP-2040, 25-SEP-2041, 25-SEP-2042, 25-SEP-2043, 25-SEP-2044, 25-SEP-2045, 25-SEP-2046, 25-SEP-2047, 25-SEP-2048, 25-SEP-2049, 25-SEP-2050, 25-SEP-2051, 25-SEP-2052, 25-SEP-2053, 25-SEP-2054, 25-SEP-2055, 25-SEP-2056, };
Calibration Components:
	[1 4.00 15-FEB-2029] => 099.908 | 01.00]
	[2 5.00 01-AUG-2029] => 102.160 | 01.00]
	[3 5.00 15-OCT-2029] => 103.519 | 01.00]
	[4 5.00 15-FEB-2030] => 102.500 | 01.00]
	[5 5.00 15-FEB-2029] => 103.139 | 01.00]
	[6 4.00 01-MAR-2029] => 100.997 | 01.00]
	[7 5.00 01-DEC-2029] => 103.406 | 01.00]
	[8 4.00 01-NOV-2029] => 102.299 | 01.00]
	[9 5.00 15-FEB-2030] => 102.717 | 01.00]
	[10 5.00 01-OCT-2028] => 102.911 | 01.00]
	[11 5.00 01-DEC-2028] => 101.912 | 01.00]
	[12 5.00 15-FEB-2029] => 102.520 | 01.00]
	[13 5.00 01-DEC-2028] => 102.300 | 01.00]
	[14 5.00 01-DEC-2029] => 101.390 | 01.00]
	[15 5.25 01-FEB-2028] => 101.685 | 01.00]
	[16 4.00 01-SEP-2027] => 101.458 | 01.00]
	[17 5.00 01-OCT-2029] => 104.180 | 01.00]
	[18 5.00 01-SEP-2028] => 102.138 | 01.00]
	[19 5.00 01-OCT-2028] => 101.613 | 01.00]
	[20 5.00 15-FEB-2028] => 101.566 | 01.00]
	[21 4.00 15-FEB-2029] => 099.308 | 01.00]
	[22 5.00 01-AUG-2029] => 102.160 | 01.00]
	[23 5.00 01-DEC-2031] => 102.393 | 01.00]
	[24 5.00 15-JUL-2030] => 101.789 | 01.00]
	[25 5.00 15-OCT-2029] => 103.519 | 01.00]
	[26 5.00 15-JUN-2031] => 102.508 | 01.00]
	[27 5.00 15-FEB-2030] => 102.500 | 01.00]
	[28 5.00 01-DEC-2031] => 104.367 | 01.00]
	[29 5.00 15-SEP-2031] => 103.830 | 01.00]
	[30 5.00 01-DEC-2031] => 104.428 | 01.00]
	[31 5.00 15-FEB-2029] => 103.139 | 01.00]
	[32 4.00 15-FEB-2031] => 100.930 | 01.00]
	[33 5.00 15-FEB-2031] => 102.911 | 01.00]
	[34 4.00 01-MAR-2029] => 100.997 | 01.00]
	[35 5.00 01-DEC-2029] => 103.406 | 01.00]
	[36 5.00 15-AUG-2031] => 104.846 | 01.00]
	[37 5.00 01-AUG-2031] => 102.660 | 01.00]
	[38 4.00 01-NOV-2029] => 102.299 | 01.00]
	[39 5.00 15-FEB-2030] => 102.717 | 01.00]
	[40 5.00 15-NOV-2030] => 101.733 | 01.00]
	[41 5.00 15-FEB-2033] => 104.480 | 01.00]
	[42 5.00 01-DEC-2031] => 102.393 | 01.00]
	[43 5.00 01-SEP-2033] => 106.315 | 01.00]
	[44 5.00 15-JUL-2030] => 101.789 | 01.00]
	[45 5.00 01-AUG-2033] => 106.279 | 01.00]
	[46 3.00 01-AUG-2033] => 091.858 | 01.00]
	[47 5.00 15-FEB-2033] => 104.370 | 01.00]
	[48 5.00 15-JUN-2031] => 102.508 | 01.00]
	[49 4.00 01-DEC-2033] => 096.755 | 01.00]
	[50 5.00 01-DEC-2031] => 104.367 | 01.00]
	[51 5.00 15-SEP-2031] => 103.830 | 01.00]
	[52 5.00 01-DEC-2031] => 104.428 | 01.00]
	[53 3.00 01-AUG-2033] => 090.860 | 01.00]
	[54 5.00 01-AUG-2032] => 104.339 | 01.00]
	[55 5.00 01-JUN-2032] => 104.219 | 01.00]
	[56 4.00 01-DEC-2033] => 097.556 | 01.00]
	[57 4.00 15-FEB-2031] => 100.930 | 01.00]
	[58 5.00 01-DEC-2033] => 100.840 | 01.00]
	[59 5.00 01-AUG-2032] => 104.178 | 01.00]
	[60 5.00 01-MAR-2032] => 104.380 | 01.00]
	[61 5.00 01-FEB-2038] => 101.599 | 01.00]
	[62 5.00 01-APR-2034] => 101.605 | 01.00]
	[63 5.00 01-DEC-2034] => 102.507 | 01.00]
	[64 5.00 15-FEB-2037] => 101.913 | 01.00]
	[65 5.00 01-FEB-2035] => 102.910 | 01.00]
	[66 5.00 15-FEB-2035] => 104.250 | 01.00]
	[67 4.00 15-AUG-2037] => 099.777 | 01.00]
	[68 4.00 15-AUG-2037] => 099.777 | 01.00]
	[69 5.00 01-MAR-2035] => 104.901 | 01.00]
	[70 5.00 01-FEB-2035] => 102.229 | 01.00]
	[71 5.00 15-FEB-2035] => 104.000 | 01.00]
	[72 5.00 01-JUN-2035] => 104.793 | 01.00]
	[73 5.00 01-AUG-2037] => 103.608 | 01.00]
	[74 5.00 01-JUL-2037] => 104.596 | 01.00]
	[75 5.00 01-FEB-2035] => 104.502 | 01.00]
	[76 4.00 15-FEB-2038] => 094.301 | 01.00]
	[77 5.00 01-OCT-2037] => 103.848 | 01.00]
	[78 5.00 01-AUG-2037] => 101.030 | 01.00]
	[79 5.00 01-AUG-2034] => 103.580 | 01.00]
	[80 5.00 15-AUG-2038] => 101.825 | 01.00]
	[81 5.00 01-FEB-2038] => 101.599 | 01.00]
	[82 4.00 15-AUG-2037] => 099.777 | 01.00]
	[83 5.00 01-JUL-2040] => 099.500 | 01.00]
	[84 5.00 15-FEB-2042] => 100.098 | 01.00]
	[85 5.00 01-JUL-2040] => 102.153 | 01.00]
	[86 5.00 01-AUG-2037] => 103.608 | 01.00]
	[87 5.00 01-JUL-2037] => 104.596 | 01.00]
	[88 4.00 01-DEC-2039] => 085.921 | 01.00]
	[89 5.00 15-JUN-2041] => 100.404 | 01.00]
	[90 4.00 15-FEB-2038] => 094.301 | 01.00]
	[91 5.00 01-OCT-2037] => 103.848 | 01.00]
	[92 5.00 01-AUG-2037] => 101.030 | 01.00]
	[93 5.00 15-AUG-2038] => 101.825 | 01.00]
	[94 4.00 01-DEC-2037] => 091.511 | 01.00]
	[95 5.00 01-DEC-2039] => 100.105 | 01.00]
	[96 5.00 01-DEC-2041] => 100.679 | 01.00]
	[97 5.00 15-FEB-2042] => 101.206 | 01.00]
	[98 5.00 15-FEB-2041] => 101.307 | 01.00]
	[99 5.00 01-OCT-2038] => 103.807 | 01.00]
	[100 5.00 15-DEC-2041] => 102.546 | 01.00]
	[101 4.00 01-FEB-2043] => 087.590 | 01.00]
	[102 5.00 01-JUL-2040] => 099.500 | 01.00]
	[103 5.00 15-FEB-2042] => 100.098 | 01.00]
	[104 5.00 01-JUL-2040] => 102.153 | 01.00]
	[105 4.00 15-FEB-2044] => 086.216 | 01.00]
	[106 5.00 15-JUN-2041] => 100.404 | 01.00]
	[107 3.12 15-AUG-2044] => 074.209 | 01.00]
	[108 5.25 15-JUN-2044] => 103.386 | 01.00]
	[109 4.00 01-OCT-2044] => 090.202 | 01.00]
	[110 5.00 01-DEC-2041] => 100.679 | 01.00]
	[111 5.00 01-AUG-2042] => 101.398 | 01.00]
	[112 5.00 15-FEB-2042] => 101.206 | 01.00]
	[113 5.00 15-FEB-2041] => 101.307 | 01.00]
	[114 5.00 15-DEC-2041] => 102.546 | 01.00]
	[115 5.00 01-APR-2043] => 098.596 | 01.00]
	[116 4.00 01-AUG-2043] => 091.366 | 01.00]
	[117 5.25 01-DEC-2040] => 103.561 | 01.00]
	[118 4.00 01-AUG-2041] => 089.275 | 01.00]
	[119 5.00 01-AUG-2044] => 100.962 | 01.00]
	[120 4.00 01-AUG-2046] => 086.847 | 01.00]
	[121 5.00 15-FEB-2048] => 099.994 | 01.00]
	[122 4.00 15-JUN-2049] => 080.650 | 01.00]
	[123 4.00 01-AUG-2046] => 086.847 | 01.00]
	[124 4.00 01-APR-2045] => 084.923 | 01.00]
	[125 4.00 01-AUG-2047] => 082.634 | 01.00]
	[126 4.00 01-JUN-2047] => 085.130 | 01.00]
	[127 5.00 01-APR-2048] => 100.144 | 01.00]
	[128 5.00 01-SEP-2045] => 102.435 | 01.00]
	[129 5.00 01-OCT-2048] => 100.701 | 01.00]
	[130 4.00 01-OCT-2045] => 090.679 | 01.00]
	[131 5.00 15-SEP-2045] => 099.835 | 01.00]
	[132 5.00 01-FEB-2046] => 102.589 | 01.00]
	[133 4.00 01-FEB-2047] => 084.149 | 01.00]
	[134 5.00 01-FEB-2052] => 093.173 | 01.00]
	[135 4.62 15-JUN-2045] => 100.419 | 01.00]
	[136 5.00 01-JUL-2045] => 100.733 | 01.00]
	[137 5.00 15-FEB-2049] => 102.120 | 01.00]
	[138 5.00 15-AUG-2049] => 098.927 | 01.00]
	[139 5.00 15-SEP-2048] => 099.268 | 01.00]
	[140 5.25 15-FEB-2049] => 105.177 | 01.00]
	[141 5.00 15-MAR-2050] => 096.043 | 01.00]
	[142 5.25 15-MAR-2050] => 094.408 | 01.00]
	[143 5.00 15-JUN-2050] => 095.368 | 01.00]
	[144 5.00 01-DEC-2055] => 093.455 | 01.00]
	[145 5.00 15-FEB-2051] => 094.711 | 01.00]
	[146 5.00 15-FEB-2051] => 098.621 | 01.00]
	[147 4.25 01-FEB-2054] => 080.086 | 01.00]
	[148 5.25 01-FEB-2053] => 096.535 | 01.00]
	[149 5.00 01-AUG-2052] => 095.798 | 01.00]
	[150 5.25 01-DEC-2054] => 094.668 | 01.00]
	[151 4.50 15-MAY-2052] => 084.838 | 01.00]
	[152 5.00 01-JUN-2055] => 094.722 | 01.00]
	[153 5.25 01-AUG-2050] => 100.836 | 01.00]
	[154 5.25 15-JUN-2055] => 097.958 | 01.00]
	[155 5.00 01-DEC-2052] => 100.367 | 01.00]
	[156 4.50 15-AUG-2050] => 088.758 | 01.00]
	[157 4.25 01-AUG-2052] => 084.874 | 01.00]
	[158 4.00 01-JUN-2051] => 076.770 | 01.00]
	[159 5.00 15-MAR-2055] => 094.590 | 01.00]
	[160 5.00 01-JAN-2056] => 103.206 | 01.00]
	||  {Vertex Count => 40 | Lower Search Bound => 0.01 | Upper Search Bound => 0.09 | Incorporate Centroid => false | Tolerance => 1.e-6}
	||--------------------------------------------------||

	||-------------------------------------------------------------------------------------------------------------------------------||
	|| {0}: [Value:  0.000780; Vertex:  0.027970 | 0.052290 | 0.031457 | 0.068618 | 0.025233 | 0.043569 | 0.058116 | 0.054719 | 0.039302 | 0.042027 | 0.058378 | 0.080264 | 0.053824 | 0.052561 | 0.054931 | 0.057280 | 0.050723 | 0.041961 | 0.049644 | 0.061909 | 0.048782 | 0.064988 | 0.105331 | 0.051067 | 0.053427 | 0.051460 | 0.083033 | 0.048252 | 0.063570 | 0.036532] ||
	|| {0}: Cumulative Yield Vertex:    0.027970 | 0.040110 | 0.037224 | 0.045022 | 0.041051 | 0.041471 | 0.043839 | 0.045195 | 0.044540 | 0.044288 | 0.045564 | 0.048431 | 0.048845 | 0.049111 | 0.049498 | 0.049983 | 0.050027 | 0.049577 | 0.049581 | 0.050195 | 0.050128 | 0.050802 | 0.053141 | 0.053055 | 0.053070 | 0.053008 | 0.054111 | 0.053902 | 0.054234 | 0.053641 ||
	||-------------------------------------------------------------------------------------------------------------------------------||
	|| {0}:  00802 => 00556 | 0010 | 0236 | 0000 ||
	||-------------------------------------------------------------------------------------------------------------------------------||
	|| {1}: [Value:  0.000774; Vertex:  0.028187 | 0.051510 | 0.032665 | 0.067258 | 0.026241 | 0.042891 | 0.050110 | 0.074039 | 0.028333 | 0.044763 | 0.050984 | 0.085250 | 0.081364 | 0.026027 | 0.038170 | 0.076302 | 0.064725 | 0.045078 | 0.023459 | 0.061082 | 0.068805 | 0.065878 | 0.088670 | 0.051422 | 0.058590 | 0.066433 | 0.031029 | 0.067973 | 0.040774 | 0.060238] ||
	|| {1}: Cumulative Yield Vertex:    0.028187 | 0.039831 | 0.037442 | 0.044850 | 0.041117 | 0.041413 | 0.042652 | 0.046547 | 0.044516 | 0.044541 | 0.045125 | 0.048437 | 0.050950 | 0.049156 | 0.048422 | 0.050152 | 0.051006 | 0.050676 | 0.049235 | 0.049826 | 0.050725 | 0.051413 | 0.053017 | 0.052951 | 0.053176 | 0.053685 | 0.052842 | 0.053381 | 0.052945 | 0.053188 ||
	||-------------------------------------------------------------------------------------------------------------------------------||
	|| {1}:  01051 => 00780 | 0016 | 0255 | 0000 ||
	||-------------------------------------------------------------------------------------------------------------------------------||
	|| {2}: [Value:  0.000774; Vertex:  0.027783 | 0.052569 | 0.031065 | 0.067789 | 0.028693 | 0.038229 | 0.060172 | 0.057987 | 0.037919 | 0.057321 | 0.040076 | 0.082991 | 0.057233 | 0.054832 | 0.046733 | 0.035691 | 0.067646 | 0.051031 | 0.048229 | 0.057364 | 0.076197 | 0.041282 | 0.066258 | 0.077098 | 0.076906 | 0.056980 | 0.064595 | 0.034992 | 0.067747 | 0.062634] ||
	|| {2}: Cumulative Yield Vertex:    0.027783 | 0.040155 | 0.037123 | 0.044742 | 0.041524 | 0.040973 | 0.043703 | 0.045482 | 0.044640 | 0.045907 | 0.045377 | 0.048483 | 0.049154 | 0.049560 | 0.049372 | 0.048515 | 0.049634 | 0.049712 | 0.049634 | 0.050020 | 0.051258 | 0.050802 | 0.051472 | 0.052532 | 0.053501 | 0.053635 | 0.054040 | 0.053357 | 0.053851 | 0.054144 ||
	||-------------------------------------------------------------------------------------------------------------------------------||
	|| {2}:  00859 => 00597 | 0012 | 0250 | 0000 ||
	||-------------------------------------------------------------------------------------------------------------------------------||
	|| {3}: [Value:  0.000788; Vertex:  0.028524 | 0.050575 | 0.033503 | 0.065532 | 0.029588 | 0.036201 | 0.069637 | 0.048520 | 0.029576 | 0.050235 | 0.059265 | 0.089616 | 0.045931 | 0.049585 | 0.049394 | 0.052400 | 0.067520 | 0.052786 | 0.027710 | 0.064014 | 0.081263 | 0.056000 | 0.068480 | 0.050286 | 0.071737 | 0.069857 | 0.065147 | 0.054579 | 0.058392 | 0.037912] ||
	|| {3}: Cumulative Yield Vertex:    0.028524 | 0.039535 | 0.037524 | 0.044485 | 0.041499 | 0.040613 | 0.044731 | 0.045204 | 0.043463 | 0.044140 | 0.045510 | 0.049147 | 0.048899 | 0.048948 | 0.048978 | 0.049192 | 0.050265 | 0.050405 | 0.049205 | 0.049942 | 0.051422 | 0.051630 | 0.052360 | 0.052273 | 0.053048 | 0.053693 | 0.054116 | 0.054132 | 0.054279 | 0.053730 ||
	||-------------------------------------------------------------------------------------------------------------------------------||
	|| {3}:  00914 => 00647 | 0017 | 0250 | 0000 ||
	||-------------------------------------------------------------------------------------------------------------------------------||
	|| {4}: [Value:  0.000800; Vertex:  0.028156 | 0.051763 | 0.032022 | 0.065180 | 0.031489 | 0.036808 | 0.060652 | 0.056522 | 0.040659 | 0.039916 | 0.063110 | 0.072277 | 0.045778 | 0.056109 | 0.058631 | 0.050666 | 0.045707 | 0.073201 | 0.036007 | 0.050716 | 0.076905 | 0.071245 | 0.068822 | 0.060690 | 0.077748 | 0.051234 | 0.043715 | 0.049709 | 0.063004 | 0.065707] ||
	|| {4}: Cumulative Yield Vertex:    0.028156 | 0.039942 | 0.037301 | 0.044231 | 0.041677 | 0.040863 | 0.043676 | 0.045277 | 0.044763 | 0.044277 | 0.045981 | 0.048158 | 0.047975 | 0.048556 | 0.049226 | 0.049315 | 0.049103 | 0.050437 | 0.049676 | 0.049728 | 0.051013 | 0.051930 | 0.052661 | 0.052995 | 0.053979 | 0.053873 | 0.053496 | 0.053361 | 0.053692 | 0.054092 ||
	||-------------------------------------------------------------------------------------------------------------------------------||
	|| {4}:  00619 => 00383 | 0000 | 0236 | 0000 ||
	||-------------------------------------------------------------------------------------------------------------------------------||
	|| {5}: [Value:  0.000813; Vertex:  0.028725 | 0.050451 | 0.033537 | 0.063906 | 0.028981 | 0.055658 | 0.032485 | 0.074517 | 0.038339 | 0.042532 | 0.054196 | 0.063449 | 0.069763 | 0.057991 | 0.052371 | 0.035058 | 0.052237 | 0.051187 | 0.069327 | 0.047854 | 0.070493 | 0.053910 | 0.063139 | 0.081567 | 0.063101 | 0.067078 | 0.056443 | 0.044053 | 0.048369 | 0.054871] ||
	|| {5}: Cumulative Yield Vertex:    0.028725 | 0.039574 | 0.037561 | 0.044111 | 0.041078 | 0.043505 | 0.041929 | 0.045971 | 0.045122 | 0.044863 | 0.045709 | 0.047180 | 0.048908 | 0.049556 | 0.049744 | 0.048823 | 0.049024 | 0.049144 | 0.050201 | 0.050083 | 0.051050 | 0.051180 | 0.051698 | 0.052934 | 0.053339 | 0.053867 | 0.053962 | 0.053608 | 0.053427 | 0.053475 ||
	||-------------------------------------------------------------------------------------------------------------------------------||
	|| {5}:  00799 => 00555 | 0006 | 0238 | 0000 ||
	||-------------------------------------------------------------------------------------------------------------------------------||
	|| {6}: [Value:  0.000790; Vertex:  0.028258 | 0.050980 | 0.034533 | 0.059513 | 0.036300 | 0.035078 | 0.058228 | 0.062305 | 0.032494 | 0.042590 | 0.065446 | 0.073755 | 0.065782 | 0.044076 | 0.042404 | 0.078181 | 0.043813 | 0.029575 | 0.054690 | 0.068314 | 0.050600 | 0.078220 | 0.080454 | 0.053126 | 0.055449 | 0.057315 | 0.081556 | 0.055639 | 0.059039 | 0.064710] ||
	|| {6}: Cumulative Yield Vertex:    0.028258 | 0.039603 | 0.037913 | 0.043288 | 0.041889 | 0.040750 | 0.043236 | 0.045608 | 0.044148 | 0.043992 | 0.045931 | 0.048234 | 0.049578 | 0.049184 | 0.048731 | 0.050558 | 0.050161 | 0.049010 | 0.049308 | 0.050254 | 0.050270 | 0.051535 | 0.052783 | 0.052797 | 0.052903 | 0.053073 | 0.054120 | 0.054174 | 0.054342 | 0.054687 ||
	||-------------------------------------------------------------------------------------------------------------------------------||
	|| {6}:  00683 => 00458 | 0002 | 0223 | 0000 ||
	||-------------------------------------------------------------------------------------------------------------------------------||
	|| {7}: [Value:  0.000784; Vertex:  0.027783 | 0.052991 | 0.029963 | 0.069256 | 0.027536 | 0.039840 | 0.057210 | 0.057094 | 0.048282 | 0.062972 | 0.026532 | 0.066611 | 0.078190 | 0.039930 | 0.055879 | 0.059643 | 0.052472 | 0.047750 | 0.043178 | 0.069527 | 0.081031 | 0.042931 | 0.069411 | 0.057261 | 0.044436 | 0.071647 | 0.071644 | 0.054092 | 0.030245 | 0.067399] ||
	|| {7}: Cumulative Yield Vertex:    0.027783 | 0.040366 | 0.036895 | 0.044932 | 0.041443 | 0.041175 | 0.043457 | 0.045155 | 0.045502 | 0.047246 | 0.045355 | 0.047117 | 0.049489 | 0.048804 | 0.049274 | 0.049920 | 0.050070 | 0.049941 | 0.049585 | 0.050577 | 0.052016 | 0.051601 | 0.052372 | 0.052575 | 0.052249 | 0.052993 | 0.053680 | 0.053695 | 0.052883 | 0.053366 ||
	||-------------------------------------------------------------------------------------------------------------------------------||
	|| {7}:  00715 => 00476 | 0006 | 0233 | 0000 ||
	||-------------------------------------------------------------------------------------------------------------------------------||
	|| {8}: [Value:  0.000790; Vertex:  0.028286 | 0.051432 | 0.032864 | 0.063969 | 0.031725 | 0.038073 | 0.061191 | 0.053119 | 0.052344 | 0.053104 | 0.031510 | 0.089245 | 0.048697 | 0.033800 | 0.076732 | 0.041755 | 0.076050 | 0.031243 | 0.036733 | 0.085671 | 0.063373 | 0.049710 | 0.073028 | 0.074262 | 0.035191 | 0.065418 | 0.072004 | 0.077027 | 0.046143 | 0.053500] ||
	|| {8}: Cumulative Yield Vertex:    0.028286 | 0.039842 | 0.037515 | 0.044092 | 0.041614 | 0.041022 | 0.043889 | 0.045040 | 0.045850 | 0.046575 | 0.045202 | 0.048834 | 0.048824 | 0.047745 | 0.049663 | 0.049168 | 0.050739 | 0.049649 | 0.048967 | 0.050786 | 0.051383 | 0.051307 | 0.052246 | 0.053158 | 0.052437 | 0.052936 | 0.053638 | 0.054468 | 0.054181 | 0.054158 ||
	||-------------------------------------------------------------------------------------------------------------------------------||
	|| {8}:  00880 => 00624 | 0010 | 0246 | 0000 ||
	||-------------------------------------------------------------------------------------------------------------------------------||
	|| {9}: [Value:  0.000808; Vertex:  0.028865 | 0.050804 | 0.031795 | 0.066613 | 0.032531 | 0.029051 | 0.072145 | 0.042144 | 0.053426 | 0.055200 | 0.040230 | 0.056050 | 0.073532 | 0.067644 | 0.056167 | 0.028042 | 0.056643 | 0.053356 | 0.056529 | 0.065256 | 0.051394 | 0.039277 | 0.079929 | 0.074581 | 0.086491 | 0.042394 | 0.049665 | 0.056488 | 0.036848 | 0.070452] ||
	|| {9}: Cumulative Yield Vertex:    0.028865 | 0.039820 | 0.037144 | 0.044466 | 0.042075 | 0.039895 | 0.044467 | 0.044177 | 0.045202 | 0.046201 | 0.045658 | 0.046522 | 0.048586 | 0.049944 | 0.050358 | 0.048957 | 0.049408 | 0.049627 | 0.049990 | 0.050750 | 0.050780 | 0.050255 | 0.051536 | 0.052490 | 0.053838 | 0.053396 | 0.053258 | 0.053373 | 0.052801 | 0.053389 ||
	||-------------------------------------------------------------------------------------------------------------------------------||
	|| {9}:  00603 => 00367 | 0000 | 0236 | 0000 ||
	||-------------------------------------------------------------------------------------------------------------------------------||
	|| {10}: [Value:  0.000759; Vertex:  0.028092 | 0.051837 | 0.032120 | 0.064484 | 0.031933 | 0.039428 | 0.052620 | 0.069796 | 0.025211 | 0.070121 | 0.029935 | 0.091115 | 0.066325 | 0.034991 | 0.047764 | 0.061383 | 0.065686 | 0.029680 | 0.049327 | 0.050469 | 0.066906 | 0.062491 | 0.081055 | 0.070879 | 0.070611 | 0.053071 | 0.053019 | 0.070934 | 0.033547 | 0.029027] ||
	|| {10}: Cumulative Yield Vertex:    0.028092 | 0.039946 | 0.037336 | 0.044085 | 0.041650 | 0.041279 | 0.042894 | 0.046235 | 0.043890 | 0.046503 | 0.044992 | 0.048794 | 0.050136 | 0.049049 | 0.048963 | 0.049737 | 0.050671 | 0.049497 | 0.049488 | 0.049537 | 0.050360 | 0.050911 | 0.052211 | 0.052985 | 0.053687 | 0.053663 | 0.053639 | 0.054254 | 0.053537 | 0.052714 ||
	||-------------------------------------------------------------------------------------------------------------------------------||
	|| {10}:  01184 => 00904 | 0023 | 0257 | 0000 ||
	||-------------------------------------------------------------------------------------------------------------------------------||
	|| {11}: [Value:  0.000785; Vertex:  0.028125 | 0.051461 | 0.033167 | 0.061899 | 0.034507 | 0.039003 | 0.059197 | 0.050810 | 0.047403 | 0.058822 | 0.035734 | 0.066709 | 0.074133 | 0.045350 | 0.061045 | 0.047828 | 0.047165 | 0.038604 | 0.043600 | 0.074823 | 0.076442 | 0.061151 | 0.068944 | 0.081771 | 0.059699 | 0.052742 | 0.063354 | 0.047565 | 0.056510 | 0.072254] ||
	|| {11}: Cumulative Yield Vertex:    0.028125 | 0.039775 | 0.037572 | 0.043623 | 0.041797 | 0.041330 | 0.043871 | 0.044737 | 0.045033 | 0.046410 | 0.045438 | 0.047201 | 0.049259 | 0.048979 | 0.049780 | 0.049658 | 0.049512 | 0.048903 | 0.048624 | 0.049925 | 0.051179 | 0.051632 | 0.052381 | 0.053597 | 0.053840 | 0.053798 | 0.054151 | 0.053916 | 0.054005 | 0.054612 ||
	||-------------------------------------------------------------------------------------------------------------------------------||
	|| {11}:  00601 => 00372 | 0000 | 0229 | 0000 ||
	||-------------------------------------------------------------------------------------------------------------------------------||
	|| {12}: [Value:  0.000805; Vertex:  0.027794 | 0.052354 | 0.031666 | 0.066348 | 0.029149 | 0.041204 | 0.057357 | 0.053618 | 0.039841 | 0.040250 | 0.069387 | 0.067333 | 0.045241 | 0.067917 | 0.052927 | 0.040150 | 0.044722 | 0.060344 | 0.070721 | 0.040472 | 0.072961 | 0.050025 | 0.074521 | 0.073675 | 0.061003 | 0.066083 | 0.067452 | 0.056015 | 0.056041 | 0.032962] ||
	|| {12}: Cumulative Yield Vertex:    0.027794 | 0.040054 | 0.037257 | 0.044486 | 0.041411 | 0.041376 | 0.043650 | 0.044892 | 0.044331 | 0.043922 | 0.046222 | 0.047972 | 0.047762 | 0.049198 | 0.049446 | 0.048864 | 0.048620 | 0.049271 | 0.050394 | 0.049897 | 0.050988 | 0.050945 | 0.051963 | 0.052863 | 0.053188 | 0.053683 | 0.054191 | 0.054256 | 0.054318 | 0.053601 ||
	||-------------------------------------------------------------------------------------------------------------------------------||
	|| {12}:  00795 => 00546 | 0007 | 0242 | 0000 ||
	||-------------------------------------------------------------------------------------------------------------------------------||
	|| {13}: [Value:  0.000783; Vertex:  0.028334 | 0.051546 | 0.031914 | 0.066483 | 0.029148 | 0.038869 | 0.064170 | 0.042064 | 0.058669 | 0.042162 | 0.043652 | 0.089888 | 0.069188 | 0.041989 | 0.033363 | 0.068131 | 0.056169 | 0.047387 | 0.045002 | 0.065874 | 0.040887 | 0.067387 | 0.073544 | 0.087424 | 0.056683 | 0.050268 | 0.040487 | 0.028492 | 0.074503 | 0.065746] ||
	|| {13}: Cumulative Yield Vertex:    0.028334 | 0.039923 | 0.037252 | 0.044516 | 0.041435 | 0.041006 | 0.044297 | 0.044018 | 0.045639 | 0.045291 | 0.045142 | 0.048831 | 0.050389 | 0.049787 | 0.048689 | 0.049897 | 0.050266 | 0.050105 | 0.049837 | 0.050635 | 0.050170 | 0.050951 | 0.051927 | 0.053393 | 0.053525 | 0.053399 | 0.052920 | 0.052043 | 0.052813 | 0.053244 ||
	||-------------------------------------------------------------------------------------------------------------------------------||
	|| {13}:  00757 => 00522 | 0001 | 0234 | 0000 ||
	||-------------------------------------------------------------------------------------------------------------------------------||
	|| {14}: [Value:  0.000778; Vertex:  0.027772 | 0.052285 | 0.031531 | 0.068536 | 0.024827 | 0.048626 | 0.051136 | 0.055592 | 0.041172 | 0.051653 | 0.050295 | 0.068117 | 0.084415 | 0.044015 | 0.029282 | 0.063371 | 0.069189 | 0.031797 | 0.042867 | 0.055487 | 0.072134 | 0.071403 | 0.065637 | 0.087574 | 0.038492 | 0.050109 | 0.056576 | 0.047464 | 0.067917 | 0.059037] ||
	|| {14}: Cumulative Yield Vertex:    0.027772 | 0.040008 | 0.037181 | 0.044970 | 0.040927 | 0.042211 | 0.043482 | 0.044991 | 0.044567 | 0.045276 | 0.045731 | 0.047586 | 0.050394 | 0.049937 | 0.048554 | 0.049477 | 0.050630 | 0.049577 | 0.049224 | 0.049536 | 0.050606 | 0.051549 | 0.052159 | 0.053621 | 0.053014 | 0.052902 | 0.053038 | 0.052839 | 0.053357 | 0.053546 ||
	||-------------------------------------------------------------------------------------------------------------------------------||
	|| {14}:  00914 => 00667 | 0010 | 0237 | 0000 ||
	||-------------------------------------------------------------------------------------------------------------------------------||
	|| {15}: [Value:  0.000779; Vertex:  0.028346 | 0.051737 | 0.031125 | 0.070432 | 0.023962 | 0.043260 | 0.061720 | 0.051517 | 0.035019 | 0.048254 | 0.058312 | 0.071186 | 0.066795 | 0.054298 | 0.037861 | 0.063864 | 0.050501 | 0.042850 | 0.056169 | 0.066549 | 0.059280 | 0.058553 | 0.060314 | 0.072744 | 0.071386 | 0.063922 | 0.056259 | 0.035135 | 0.080566 | 0.011998] ||
	|| {15}: Cumulative Yield Vertex:    0.028346 | 0.040024 | 0.037056 | 0.045343 | 0.041051 | 0.041420 | 0.044305 | 0.045205 | 0.044071 | 0.044490 | 0.045742 | 0.047849 | 0.049299 | 0.049656 | 0.048868 | 0.049802 | 0.049843 | 0.049453 | 0.049806 | 0.050639 | 0.051049 | 0.051391 | 0.051777 | 0.052646 | 0.053392 | 0.053797 | 0.053888 | 0.053216 | 0.054152 | 0.052730 ||
	||-------------------------------------------------------------------------------------------------------------------------------||
	|| {15}:  00925 => 00653 | 0019 | 0253 | 0000 ||
	||-------------------------------------------------------------------------------------------------------------------------------||
	|| {16}: [Value:  0.000784; Vertex:  0.028232 | 0.051648 | 0.032200 | 0.065429 | 0.030031 | 0.038729 | 0.057059 | 0.064444 | 0.034551 | 0.036276 | 0.058025 | 0.092157 | 0.043063 | 0.059040 | 0.052717 | 0.060050 | 0.029947 | 0.066473 | 0.053969 | 0.068340 | 0.038644 | 0.051776 | 0.075274 | 0.083835 | 0.072032 | 0.062819 | 0.049672 | 0.054981 | 0.033022 | 0.048023] ||
	|| {16}: Cumulative Yield Vertex:    0.028232 | 0.039922 | 0.037347 | 0.044327 | 0.041461 | 0.041005 | 0.043289 | 0.045920 | 0.044654 | 0.043813 | 0.045100 | 0.048978 | 0.048523 | 0.049274 | 0.049503 | 0.050160 | 0.048966 | 0.049937 | 0.050149 | 0.051054 | 0.050462 | 0.050521 | 0.051591 | 0.052923 | 0.053684 | 0.054035 | 0.053873 | 0.053913 | 0.053189 | 0.053017 ||
	||-------------------------------------------------------------------------------------------------------------------------------||
	|| {16}:  00974 => 00721 | 0015 | 0238 | 0000 ||
	||-------------------------------------------------------------------------------------------------------------------------------||
	|| {17}: [Value:  0.000772; Vertex:  0.028343 | 0.051476 | 0.031615 | 0.069658 | 0.023131 | 0.049276 | 0.054712 | 0.054429 | 0.034380 | 0.052168 | 0.052600 | 0.070269 | 0.064806 | 0.061108 | 0.041497 | 0.054541 | 0.040845 | 0.056789 | 0.048604 | 0.072508 | 0.069046 | 0.045410 | 0.070805 | 0.073478 | 0.073736 | 0.057934 | 0.068086 | 0.033853 | 0.029998 | 0.056420] ||
	|| {17}: Cumulative Yield Vertex:    0.028343 | 0.039893 | 0.037132 | 0.045210 | 0.040777 | 0.042194 | 0.043976 | 0.045279 | 0.044066 | 0.044876 | 0.045577 | 0.047622 | 0.048938 | 0.049806 | 0.049252 | 0.049582 | 0.049067 | 0.049496 | 0.049449 | 0.050595 | 0.051469 | 0.051193 | 0.052041 | 0.052929 | 0.053757 | 0.053918 | 0.054441 | 0.053702 | 0.052881 | 0.052999 ||
	||-------------------------------------------------------------------------------------------------------------------------------||
	|| {17}:  00935 => 00667 | 0016 | 0252 | 0000 ||
	||-------------------------------------------------------------------------------------------------------------------------------||
	|| {18}: [Value:  0.000798; Vertex:  0.028237 | 0.051654 | 0.031957 | 0.066431 | 0.028975 | 0.041308 | 0.061035 | 0.045898 | 0.048226 | 0.045310 | 0.055093 | 0.064146 | 0.057806 | 0.071470 | 0.047999 | 0.040586 | 0.044557 | 0.057119 | 0.060053 | 0.055509 | 0.075728 | 0.055084 | 0.086960 | 0.050243 | 0.055533 | 0.061296 | 0.078730 | 0.031686 | 0.036340 | 0.064335] ||
	|| {18}: Cumulative Yield Vertex:    0.028237 | 0.039928 | 0.037270 | 0.044517 | 0.041401 | 0.041385 | 0.044178 | 0.044393 | 0.044818 | 0.044868 | 0.045795 | 0.047317 | 0.048121 | 0.049783 | 0.049664 | 0.049096 | 0.048829 | 0.049290 | 0.049854 | 0.050136 | 0.051347 | 0.051517 | 0.053044 | 0.052928 | 0.053032 | 0.053350 | 0.054283 | 0.053473 | 0.052880 | 0.053261 ||
	||-------------------------------------------------------------------------------------------------------------------------------||
	|| {18}:  00746 => 00503 | 0005 | 0238 | 0000 ||
	||-------------------------------------------------------------------------------------------------------------------------------||
	|| {19}: [Value:  0.000809; Vertex:  0.028251 | 0.051611 | 0.031470 | 0.068109 | 0.029430 | 0.038505 | 0.052161 | 0.065051 | 0.050193 | 0.040422 | 0.043945 | 0.075001 | 0.060251 | 0.059499 | 0.049886 | 0.046522 | 0.032819 | 0.076212 | 0.050337 | 0.077354 | 0.035965 | 0.075664 | 0.078340 | 0.049752 | 0.052511 | 0.064915 | 0.037376 | 0.057251 | 0.051160 | 0.056145] ||
	|| {19}: Cumulative Yield Vertex:    0.028251 | 0.039914 | 0.037098 | 0.044801 | 0.041720 | 0.041183 | 0.042746 | 0.045519 | 0.046038 | 0.045474 | 0.045335 | 0.047789 | 0.048745 | 0.049513 | 0.049537 | 0.049349 | 0.048373 | 0.049913 | 0.049936 | 0.051297 | 0.050565 | 0.051701 | 0.052851 | 0.052722 | 0.052714 | 0.053183 | 0.052596 | 0.052762 | 0.052706 | 0.052821 ||
	||-------------------------------------------------------------------------------------------------------------------------------||
	|| {19}:  00855 => 00597 | 0013 | 0245 | 0000 ||
	||-------------------------------------------------------------------------------------------------------------------------------||

	|-----------------------------------------------------------------|
	|    Copyright (C) 2011-2026 (DRIP, DROP)
	|-----------------------------------------------------------------|
	|    Build Version  => 8.01.0 multi
	|    Build JVM (TM) => 15.0.1+9-18 mixed mode, sharing
	|    Build Snap     => Sat Sep 26 23:09:04 EST 2026
	|    Start Time     => Thu Oct 01 20:31:25 EDT 2026
	|    Setup Time     => Thu Oct 01 20:31:25 EDT 2026
	|    Finish Time    => Thu Oct 01 20:35:21 EDT 2026
	|    Setup Duration => 716 ms
	|    Run Duration   => 3 m 55 s 948 ms
	|-----------------------------------------------------------------|

