
	|-----------------------------------------------------------------|
	|    Copyright (C) 2011-2026 (DRIP, DROP)
	|-----------------------------------------------------------------|
	|    Build Version  => 8.01.0 multi
	|    Build JVM (TM) => 15.0.1+9-18 mixed mode, sharing
	|    Build Snap     => Sat Sep 26 23:09:04 EST 2026
	|    Start Time     => Fri Oct 02 15:55:13 EDT 2026
	|    Setup Time     => Fri Oct 02 15:55:13 EDT 2026
	|    Setup Duration => 720 ms
	|-----------------------------------------------------------------|

	||--------------------------------------------------||
	|| Multi-Bond Curve Calibrator => Multi-Bond Least-squares Function: {25-SEP-2026, USD, UST, 1} {Pillar Dates: 25-SEP-2027, 25-SEP-2028, 25-SEP-2029, 25-SEP-2030, 25-SEP-2031, 25-SEP-2032, 25-SEP-2033, 25-SEP-2034, 25-SEP-2035, 25-SEP-2036, 25-SEP-2037, 25-SEP-2038, 25-SEP-2039, 25-SEP-2040, 25-SEP-2041, 25-SEP-2042, 25-SEP-2043, 25-SEP-2044, 25-SEP-2045, 25-SEP-2046, 25-SEP-2047, 25-SEP-2048, 25-SEP-2049, 25-SEP-2050, 25-SEP-2051, 25-SEP-2052, 25-SEP-2053, 25-SEP-2054, 25-SEP-2055, 25-SEP-2056, };
Calibration Components:
	[1 4.00 15-FEB-2029] => 099.908 | 01.00]
	[2 5.00 01-AUG-2029] => 102.160 | 01.00]
	[3 5.00 15-OCT-2029] => 103.519 | 01.00]
	[4 5.00 15-FEB-2030] => 102.500 | 01.00]
	[5 5.00 15-FEB-2029] => 103.139 | 01.00]
	[6 4.00 01-MAR-2029] => 100.997 | 01.00]
	[7 5.00 01-DEC-2029] => 103.406 | 01.00]
	[8 4.00 01-NOV-2029] => 102.299 | 01.00]
	[9 5.00 15-FEB-2030] => 102.717 | 01.00]
	[10 5.00 01-OCT-2028] => 102.911 | 01.00]
	[11 5.00 01-DEC-2028] => 101.912 | 01.00]
	[12 5.00 15-FEB-2029] => 102.520 | 01.00]
	[13 5.00 01-DEC-2028] => 102.300 | 01.00]
	[14 5.00 01-DEC-2029] => 101.390 | 01.00]
	[15 5.25 01-FEB-2028] => 101.685 | 01.00]
	[16 4.00 01-SEP-2027] => 101.458 | 01.00]
	[17 5.00 01-OCT-2029] => 104.180 | 01.00]
	[18 5.00 01-SEP-2028] => 102.138 | 01.00]
	[19 5.00 01-OCT-2028] => 101.613 | 01.00]
	[20 5.00 15-FEB-2028] => 101.566 | 01.00]
	[21 4.00 15-FEB-2029] => 099.308 | 01.00]
	[22 5.00 01-AUG-2029] => 102.160 | 01.00]
	[23 5.00 01-DEC-2031] => 102.393 | 01.00]
	[24 5.00 15-JUL-2030] => 101.789 | 01.00]
	[25 5.00 15-OCT-2029] => 103.519 | 01.00]
	[26 5.00 15-JUN-2031] => 102.508 | 01.00]
	[27 5.00 15-FEB-2030] => 102.500 | 01.00]
	[28 5.00 01-DEC-2031] => 104.367 | 01.00]
	[29 5.00 15-SEP-2031] => 103.830 | 01.00]
	[30 5.00 01-DEC-2031] => 104.428 | 01.00]
	[31 5.00 15-FEB-2029] => 103.139 | 01.00]
	[32 4.00 15-FEB-2031] => 100.930 | 01.00]
	[33 5.00 15-FEB-2031] => 102.911 | 01.00]
	[34 4.00 01-MAR-2029] => 100.997 | 01.00]
	[35 5.00 01-DEC-2029] => 103.406 | 01.00]
	[36 5.00 15-AUG-2031] => 104.846 | 01.00]
	[37 5.00 01-AUG-2031] => 102.660 | 01.00]
	[38 4.00 01-NOV-2029] => 102.299 | 01.00]
	[39 5.00 15-FEB-2030] => 102.717 | 01.00]
	[40 5.00 15-NOV-2030] => 101.733 | 01.00]
	[41 5.00 15-FEB-2033] => 104.480 | 01.00]
	[42 5.00 01-DEC-2031] => 102.393 | 01.00]
	[43 5.00 01-SEP-2033] => 106.315 | 01.00]
	[44 5.00 15-JUL-2030] => 101.789 | 01.00]
	[45 5.00 01-AUG-2033] => 106.279 | 01.00]
	[46 3.00 01-AUG-2033] => 091.858 | 01.00]
	[47 5.00 15-FEB-2033] => 104.370 | 01.00]
	[48 5.00 15-JUN-2031] => 102.508 | 01.00]
	[49 4.00 01-DEC-2033] => 096.755 | 01.00]
	[50 5.00 01-DEC-2031] => 104.367 | 01.00]
	[51 5.00 15-SEP-2031] => 103.830 | 01.00]
	[52 5.00 01-DEC-2031] => 104.428 | 01.00]
	[53 3.00 01-AUG-2033] => 090.860 | 01.00]
	[54 5.00 01-AUG-2032] => 104.339 | 01.00]
	[55 5.00 01-JUN-2032] => 104.219 | 01.00]
	[56 4.00 01-DEC-2033] => 097.556 | 01.00]
	[57 4.00 15-FEB-2031] => 100.930 | 01.00]
	[58 5.00 01-DEC-2033] => 100.840 | 01.00]
	[59 5.00 01-AUG-2032] => 104.178 | 01.00]
	[60 5.00 01-MAR-2032] => 104.380 | 01.00]
	[61 5.00 01-FEB-2038] => 101.599 | 01.00]
	[62 5.00 01-APR-2034] => 101.605 | 01.00]
	[63 5.00 01-DEC-2034] => 102.507 | 01.00]
	[64 5.00 15-FEB-2037] => 101.913 | 01.00]
	[65 5.00 01-FEB-2035] => 102.910 | 01.00]
	[66 5.00 15-FEB-2035] => 104.250 | 01.00]
	[67 4.00 15-AUG-2037] => 099.777 | 01.00]
	[68 4.00 15-AUG-2037] => 099.777 | 01.00]
	[69 5.00 01-MAR-2035] => 104.901 | 01.00]
	[70 5.00 01-FEB-2035] => 102.229 | 01.00]
	[71 5.00 15-FEB-2035] => 104.000 | 01.00]
	[72 5.00 01-JUN-2035] => 104.793 | 01.00]
	[73 5.00 01-AUG-2037] => 103.608 | 01.00]
	[74 5.00 01-JUL-2037] => 104.596 | 01.00]
	[75 5.00 01-FEB-2035] => 104.502 | 01.00]
	[76 4.00 15-FEB-2038] => 094.301 | 01.00]
	[77 5.00 01-OCT-2037] => 103.848 | 01.00]
	[78 5.00 01-AUG-2037] => 101.030 | 01.00]
	[79 5.00 01-AUG-2034] => 103.580 | 01.00]
	[80 5.00 15-AUG-2038] => 101.825 | 01.00]
	[81 5.00 01-FEB-2038] => 101.599 | 01.00]
	[82 4.00 15-AUG-2037] => 099.777 | 01.00]
	[83 5.00 01-JUL-2040] => 099.500 | 01.00]
	[84 5.00 15-FEB-2042] => 100.098 | 01.00]
	[85 5.00 01-JUL-2040] => 102.153 | 01.00]
	[86 5.00 01-AUG-2037] => 103.608 | 01.00]
	[87 5.00 01-JUL-2037] => 104.596 | 01.00]
	[88 4.00 01-DEC-2039] => 085.921 | 01.00]
	[89 5.00 15-JUN-2041] => 100.404 | 01.00]
	[90 4.00 15-FEB-2038] => 094.301 | 01.00]
	[91 5.00 01-OCT-2037] => 103.848 | 01.00]
	[92 5.00 01-AUG-2037] => 101.030 | 01.00]
	[93 5.00 15-AUG-2038] => 101.825 | 01.00]
	[94 4.00 01-DEC-2037] => 091.511 | 01.00]
	[95 5.00 01-DEC-2039] => 100.105 | 01.00]
	[96 5.00 01-DEC-2041] => 100.679 | 01.00]
	[97 5.00 15-FEB-2042] => 101.206 | 01.00]
	[98 5.00 15-FEB-2041] => 101.307 | 01.00]
	[99 5.00 01-OCT-2038] => 103.807 | 01.00]
	[100 5.00 15-DEC-2041] => 102.546 | 01.00]
	[101 4.00 01-FEB-2043] => 087.590 | 01.00]
	[102 5.00 01-JUL-2040] => 099.500 | 01.00]
	[103 5.00 15-FEB-2042] => 100.098 | 01.00]
	[104 5.00 01-JUL-2040] => 102.153 | 01.00]
	[105 4.00 15-FEB-2044] => 086.216 | 01.00]
	[106 5.00 15-JUN-2041] => 100.404 | 01.00]
	[107 3.12 15-AUG-2044] => 074.209 | 01.00]
	[108 5.25 15-JUN-2044] => 103.386 | 01.00]
	[109 4.00 01-OCT-2044] => 090.202 | 01.00]
	[110 5.00 01-DEC-2041] => 100.679 | 01.00]
	[111 5.00 01-AUG-2042] => 101.398 | 01.00]
	[112 5.00 15-FEB-2042] => 101.206 | 01.00]
	[113 5.00 15-FEB-2041] => 101.307 | 01.00]
	[114 5.00 15-DEC-2041] => 102.546 | 01.00]
	[115 5.00 01-APR-2043] => 098.596 | 01.00]
	[116 4.00 01-AUG-2043] => 091.366 | 01.00]
	[117 5.25 01-DEC-2040] => 103.561 | 01.00]
	[118 4.00 01-AUG-2041] => 089.275 | 01.00]
	[119 5.00 01-AUG-2044] => 100.962 | 01.00]
	[120 4.00 01-AUG-2046] => 086.847 | 01.00]
	[121 5.00 15-FEB-2048] => 099.994 | 01.00]
	[122 4.00 15-JUN-2049] => 080.650 | 01.00]
	[123 4.00 01-AUG-2046] => 086.847 | 01.00]
	[124 4.00 01-APR-2045] => 084.923 | 01.00]
	[125 4.00 01-AUG-2047] => 082.634 | 01.00]
	[126 4.00 01-JUN-2047] => 085.130 | 01.00]
	[127 5.00 01-APR-2048] => 100.144 | 01.00]
	[128 5.00 01-SEP-2045] => 102.435 | 01.00]
	[129 5.00 01-OCT-2048] => 100.701 | 01.00]
	[130 4.00 01-OCT-2045] => 090.679 | 01.00]
	[131 5.00 15-SEP-2045] => 099.835 | 01.00]
	[132 5.00 01-FEB-2046] => 102.589 | 01.00]
	[133 4.00 01-FEB-2047] => 084.149 | 01.00]
	[134 5.00 01-FEB-2052] => 093.173 | 01.00]
	[135 4.62 15-JUN-2045] => 100.419 | 01.00]
	[136 5.00 01-JUL-2045] => 100.733 | 01.00]
	[137 5.00 15-FEB-2049] => 102.120 | 01.00]
	[138 5.00 15-AUG-2049] => 098.927 | 01.00]
	[139 5.00 15-SEP-2048] => 099.268 | 01.00]
	[140 5.25 15-FEB-2049] => 105.177 | 01.00]
	[141 5.00 15-MAR-2050] => 096.043 | 01.00]
	[142 5.25 15-MAR-2050] => 094.408 | 01.00]
	[143 5.00 15-JUN-2050] => 095.368 | 01.00]
	[144 5.00 01-DEC-2055] => 093.455 | 01.00]
	[145 5.00 15-FEB-2051] => 094.711 | 01.00]
	[146 5.00 15-FEB-2051] => 098.621 | 01.00]
	[147 4.25 01-FEB-2054] => 080.086 | 01.00]
	[148 5.25 01-FEB-2053] => 096.535 | 01.00]
	[149 5.00 01-AUG-2052] => 095.798 | 01.00]
	[150 5.25 01-DEC-2054] => 094.668 | 01.00]
	[151 4.50 15-MAY-2052] => 084.838 | 01.00]
	[152 5.00 01-JUN-2055] => 094.722 | 01.00]
	[153 5.25 01-AUG-2050] => 100.836 | 01.00]
	[154 5.25 15-JUN-2055] => 097.958 | 01.00]
	[155 5.00 01-DEC-2052] => 100.367 | 01.00]
	[156 4.50 15-AUG-2050] => 088.758 | 01.00]
	[157 4.25 01-AUG-2052] => 084.874 | 01.00]
	[158 4.00 01-JUN-2051] => 076.770 | 01.00]
	[159 5.00 15-MAR-2055] => 094.590 | 01.00]
	[160 5.00 01-JAN-2056] => 103.206 | 01.00]
	||  {Vertex Count => 80 | Lower Search Bound => 0.01 | Upper Search Bound => 0.09 | Incorporate Centroid => false | Tolerance => 1.e-7}
	||--------------------------------------------------||

	||-------------------------------------------------------------------------------------------------------------------------------||
	|| {0}: [Value:  0.000595; Vertex:  0.027991 | 0.052070 | 0.031727 | 0.066099 | 0.028940 | 0.044336 | 0.052058 | 0.073924 |-0.001177 | 0.098656 | 0.019357 | 0.097252 | 0.070449 | 0.034890 | 0.034010 | 0.062080 | 0.073182 | 0.048104 | 0.019291 | 0.074075 | 0.056569 | 0.039904 | 0.098052 | 0.086875 | 0.040349 | 0.081842 | 0.042660 | 0.073379 | 0.071374 | 0.051472] ||
	|| {0}: Cumulative Yield Vertex:    0.027991 | 0.040011 | 0.037249 | 0.044418 | 0.041315 | 0.041819 | 0.043277 | 0.047081 | 0.041665 | 0.047305 | 0.044750 | 0.049071 | 0.050707 | 0.049571 | 0.048531 | 0.049374 | 0.050766 | 0.050618 | 0.048958 | 0.050206 | 0.050508 | 0.050024 | 0.052088 | 0.053525 | 0.052996 | 0.054101 | 0.053676 | 0.054376 | 0.054959 | 0.054843 ||
	||-------------------------------------------------------------------------------------------------------------------------------||
	|| {0}:  04151 => 03439 | 0061 | 0651 | 0000 ||
	||-------------------------------------------------------------------------------------------------------------------------------||
	|| {1}: [Value:  0.000583; Vertex:  0.027991 | 0.052007 | 0.031864 | 0.066203 | 0.029016 | 0.042536 | 0.052422 | 0.079582 |-0.010532 | 0.070200 | 0.061141 | 0.074579 | 0.103629 | 0.004153 | 0.045934 | 0.077786 | 0.058635 | 0.047972 | 0.002928 | 0.101884 | 0.077181 | 0.004471 | 0.099896 | 0.087023 | 0.096367 | 0.042414 | 0.070680 | 0.013471 | 0.026027 | 0.028877] ||
	|| {1}: Cumulative Yield Vertex:    0.027991 | 0.039980 | 0.037274 | 0.044463 | 0.041366 | 0.041561 | 0.043108 | 0.047629 | 0.041087 | 0.043986 | 0.045538 | 0.047941 | 0.052169 | 0.048695 | 0.048511 | 0.050327 | 0.050815 | 0.050656 | 0.048118 | 0.050771 | 0.052021 | 0.049831 | 0.051981 | 0.053428 | 0.055127 | 0.054636 | 0.055228 | 0.053723 | 0.052762 | 0.051960 ||
	||-------------------------------------------------------------------------------------------------------------------------------||
	|| {1}:  06193 => 05355 | 0117 | 0721 | 0000 ||
	||-------------------------------------------------------------------------------------------------------------------------------||
	|| {2}: [Value:  0.000587; Vertex:  0.028028 | 0.052041 | 0.031629 | 0.066552 | 0.029009 | 0.040812 | 0.057504 | 0.068892 | 0.005161 | 0.092774 | 0.023289 | 0.086634 | 0.087933 | 0.025746 | 0.031205 | 0.074723 | 0.090661 | 0.014941 | 0.013758 | 0.103877 | 0.054365 | 0.020019 | 0.081690 | 0.114464 | 0.060930 | 0.055768 | 0.047949 | 0.067829 | 0.040863 | 0.001872] ||
	|| {2}: Cumulative Yield Vertex:    0.028028 | 0.040015 | 0.037219 | 0.044508 | 0.041400 | 0.041302 | 0.043607 | 0.046749 | 0.042088 | 0.047111 | 0.044935 | 0.048376 | 0.051390 | 0.049544 | 0.048317 | 0.049956 | 0.052327 | 0.050228 | 0.048293 | 0.051036 | 0.051194 | 0.049764 | 0.051140 | 0.053739 | 0.054026 | 0.054093 | 0.053865 | 0.054362 | 0.053895 | 0.052136 ||
	||-------------------------------------------------------------------------------------------------------------------------------||
	|| {2}:  05404 => 04655 | 0079 | 0670 | 0000 ||
	||-------------------------------------------------------------------------------------------------------------------------------||
	|| {3}: [Value:  0.000584; Vertex:  0.028052 | 0.052138 | 0.031417 | 0.066751 | 0.028644 | 0.042448 | 0.054792 | 0.076806 |-0.016053 | 0.077883 | 0.058372 | 0.078100 | 0.095135 | 0.019579 | 0.037251 | 0.076048 | 0.032295 | 0.076873 | 0.014268 | 0.098344 | 0.041654 | 0.027971 | 0.090367 | 0.100476 | 0.078778 | 0.032419 | 0.092962 | 0.057181 | 0.004503 | 0.063910] ||
	|| {3}: Cumulative Yield Vertex:    0.028052 | 0.040076 | 0.037188 | 0.044534 | 0.041348 | 0.041531 | 0.043419 | 0.047560 | 0.040397 | 0.044122 | 0.045412 | 0.048115 | 0.051691 | 0.049376 | 0.048566 | 0.050272 | 0.049211 | 0.050741 | 0.048806 | 0.051254 | 0.050796 | 0.049751 | 0.051499 | 0.053515 | 0.054519 | 0.053663 | 0.055104 | 0.055178 | 0.053411 | 0.053761 ||
	||-------------------------------------------------------------------------------------------------------------------------------||
	|| {3}:  06148 => 05365 | 0095 | 0688 | 0000 ||
	||-------------------------------------------------------------------------------------------------------------------------------||
	|| {4}: [Value:  0.000582; Vertex:  0.027976 | 0.052111 | 0.031686 | 0.066366 | 0.029051 | 0.042253 | 0.053683 | 0.081668 |-0.024985 | 0.100450 | 0.038714 | 0.084652 | 0.099951 | 0.004579 | 0.054693 | 0.039416 | 0.087022 | 0.042108 | 0.018099 | 0.088913 | 0.064630 | 0.014966 | 0.113882 | 0.076835 | 0.060202 | 0.079464 | 0.050945 | 0.033180 | 0.033912 | 0.042379] ||
	|| {4}: Cumulative Yield Vertex:    0.027976 | 0.040025 | 0.037244 | 0.044481 | 0.041387 | 0.041532 | 0.043262 | 0.048020 | 0.039782 | 0.045781 | 0.045138 | 0.048400 | 0.052317 | 0.048863 | 0.049251 | 0.048635 | 0.050872 | 0.050384 | 0.048673 | 0.050665 | 0.051327 | 0.049657 | 0.052407 | 0.053418 | 0.053689 | 0.054676 | 0.054538 | 0.053772 | 0.053084 | 0.052726 ||
	||-------------------------------------------------------------------------------------------------------------------------------||
	|| {4}:  06626 => 05847 | 0099 | 0680 | 0000 ||
	||-------------------------------------------------------------------------------------------------------------------------------||
	|| {5}: [Value:  0.000588; Vertex:  0.027993 | 0.052173 | 0.031384 | 0.067027 | 0.028442 | 0.042572 | 0.054002 | 0.074142 |-0.002442 | 0.073968 | 0.048305 | 0.089015 | 0.081859 | 0.020494 | 0.050615 | 0.058347 | 0.054434 | 0.056601 | 0.008746 | 0.108868 | 0.042700 | 0.056323 | 0.076375 | 0.101845 | 0.072430 | 0.022497 | 0.035564 | 0.063492 | 0.020791 | 0.067650] ||
	|| {5}: Cumulative Yield Vertex:    0.027993 | 0.040064 | 0.037169 | 0.044588 | 0.041350 | 0.041554 | 0.043326 | 0.047150 | 0.041583 | 0.044805 | 0.045123 | 0.048742 | 0.051270 | 0.049052 | 0.049156 | 0.049728 | 0.050005 | 0.050371 | 0.048161 | 0.051152 | 0.050749 | 0.051003 | 0.052099 | 0.054146 | 0.054874 | 0.053617 | 0.052946 | 0.053321 | 0.052192 | 0.052706 ||
	||-------------------------------------------------------------------------------------------------------------------------------||
	|| {5}:  05154 => 04411 | 0079 | 0664 | 0000 ||
	||-------------------------------------------------------------------------------------------------------------------------------||
	|| {6}: [Value:  0.000592; Vertex:  0.028049 | 0.051977 | 0.031697 | 0.066451 | 0.028603 | 0.043411 | 0.055386 | 0.065282 | 0.011889 | 0.082115 | 0.031317 | 0.088384 | 0.099229 | 0.005163 | 0.036640 | 0.092491 | 0.015870 | 0.065627 | 0.050681 | 0.060212 | 0.059340 | 0.034206 | 0.092926 | 0.083899 | 0.076163 | 0.082035 | 0.040458 | 0.048997 | 0.014189 | 0.009824] ||
	|| {6}: Cumulative Yield Vertex:    0.028049 | 0.039994 | 0.037227 | 0.044489 | 0.041304 | 0.041655 | 0.043610 | 0.046304 | 0.042454 | 0.046393 | 0.045019 | 0.048596 | 0.052445 | 0.049024 | 0.048197 | 0.050936 | 0.048857 | 0.049787 | 0.049834 | 0.050352 | 0.050778 | 0.050021 | 0.051866 | 0.053190 | 0.054104 | 0.055173 | 0.054627 | 0.054425 | 0.053026 | 0.051568 ||
	||-------------------------------------------------------------------------------------------------------------------------------||
	|| {6}:  05101 => 04356 | 0078 | 0667 | 0000 ||
	||-------------------------------------------------------------------------------------------------------------------------------||
	|| {7}: [Value:  0.000589; Vertex:  0.028030 | 0.052077 | 0.031524 | 0.066630 | 0.029526 | 0.038521 | 0.060657 | 0.064995 | 0.011981 | 0.081160 | 0.028605 | 0.089618 | 0.094862 | 0.021581 | 0.033374 | 0.064953 | 0.037026 | 0.075164 | 0.016549 | 0.102591 | 0.041061 | 0.047847 | 0.073549 | 0.100118 | 0.087438 | 0.020226 | 0.059877 | 0.046107 | 0.025675 | 0.066094] ||
	|| {7}: Cumulative Yield Vertex:    0.028030 | 0.040034 | 0.037196 | 0.044510 | 0.041506 | 0.041007 | 0.043801 | 0.046436 | 0.042581 | 0.046414 | 0.044790 | 0.048486 | 0.052014 | 0.049821 | 0.048721 | 0.049731 | 0.048982 | 0.050431 | 0.048635 | 0.051298 | 0.050809 | 0.050674 | 0.051663 | 0.053658 | 0.054998 | 0.053647 | 0.053877 | 0.053599 | 0.052631 | 0.053079 ||
	||-------------------------------------------------------------------------------------------------------------------------------||
	|| {7}:  04920 => 04187 | 0075 | 0658 | 0000 ||
	||-------------------------------------------------------------------------------------------------------------------------------||
	|| {8}: [Value:  0.000593; Vertex:  0.028007 | 0.052089 | 0.031663 | 0.066465 | 0.028678 | 0.042558 | 0.056298 | 0.066805 | 0.007871 | 0.077619 | 0.037799 | 0.090922 | 0.104470 |-0.006418 | 0.046700 | 0.069721 | 0.056624 | 0.036798 | 0.056699 | 0.060848 | 0.066729 | 0.034539 | 0.081483 | 0.089405 | 0.065456 | 0.071497 | 0.015605 | 0.054636 | 0.062112 | 0.029289] ||
	|| {8}: Cumulative Yield Vertex:    0.028007 | 0.040029 | 0.037239 | 0.044502 | 0.041329 | 0.041534 | 0.043635 | 0.046515 | 0.042187 | 0.045710 | 0.044990 | 0.048776 | 0.053005 | 0.048694 | 0.048561 | 0.049876 | 0.050272 | 0.049520 | 0.049897 | 0.050443 | 0.051215 | 0.050452 | 0.051791 | 0.053343 | 0.053826 | 0.054504 | 0.053051 | 0.053108 | 0.053418 | 0.052607 ||
	||-------------------------------------------------------------------------------------------------------------------------------||
	|| {8}:  05403 => 04647 | 0084 | 0672 | 0000 ||
	||-------------------------------------------------------------------------------------------------------------------------------||
	|| {9}: [Value:  0.000599; Vertex:  0.028062 | 0.052059 | 0.031585 | 0.066436 | 0.028760 | 0.042615 | 0.056612 | 0.061672 | 0.021541 | 0.049826 | 0.058240 | 0.098853 | 0.065389 | 0.025988 | 0.048473 | 0.053212 | 0.065815 | 0.061064 | 0.017602 | 0.057500 | 0.076474 | 0.048057 | 0.079877 | 0.086635 | 0.065610 | 0.064692 | 0.059879 | 0.045406 | 0.038630 | 0.033199] ||
	|| {9}: Cumulative Yield Vertex:    0.028062 | 0.040042 | 0.037222 | 0.044481 | 0.041329 | 0.041544 | 0.043688 | 0.045926 | 0.043204 | 0.043866 | 0.045168 | 0.049586 | 0.050796 | 0.049011 | 0.048975 | 0.049239 | 0.050210 | 0.050813 | 0.049052 | 0.049474 | 0.050750 | 0.050628 | 0.051890 | 0.053325 | 0.053815 | 0.054233 | 0.054441 | 0.054118 | 0.053583 | 0.052899 ||
	||-------------------------------------------------------------------------------------------------------------------------------||
	|| {9}:  04360 => 03662 | 0052 | 0646 | 0000 ||
	||-------------------------------------------------------------------------------------------------------------------------------||
	|| {10}: [Value:  0.000592; Vertex:  0.028164 | 0.051787 | 0.031734 | 0.067153 | 0.027723 | 0.043590 | 0.054943 | 0.067606 | 0.007619 | 0.095179 | 0.016538 | 0.106947 | 0.079726 | 0.004609 | 0.061257 | 0.037028 | 0.088811 | 0.036198 | 0.032968 | 0.071882 | 0.036996 | 0.057694 | 0.111518 | 0.064174 | 0.094280 | 0.030574 | 0.048866 | 0.045423 | 0.042982 | 0.074134] ||
	|| {10}: Cumulative Yield Vertex:    0.028164 | 0.039957 | 0.037215 | 0.044653 | 0.041258 | 0.041647 | 0.043540 | 0.046530 | 0.042173 | 0.047422 | 0.044597 | 0.049718 | 0.052010 | 0.048581 | 0.049423 | 0.048646 | 0.050986 | 0.050160 | 0.049252 | 0.050377 | 0.049738 | 0.050100 | 0.052731 | 0.053206 | 0.054832 | 0.053892 | 0.053706 | 0.053410 | 0.053049 | 0.053750 ||
	||-------------------------------------------------------------------------------------------------------------------------------||
	|| {10}:  04695 => 03996 | 0054 | 0645 | 0000 ||
	||-------------------------------------------------------------------------------------------------------------------------------||
	|| {11}: [Value:  0.000591; Vertex:  0.027976 | 0.052081 | 0.031713 | 0.066281 | 0.028677 | 0.044371 | 0.053266 | 0.067352 | 0.010546 | 0.061509 | 0.058226 | 0.069694 | 0.121487 |-0.005763 | 0.039709 | 0.090585 | 0.050416 | 0.032515 | 0.025375 | 0.069859 | 0.091876 | 0.026314 | 0.113659 | 0.061750 | 0.063794 | 0.047906 | 0.056964 | 0.041409 | 0.062318 | 0.010576] ||
	|| {11}: Cumulative Yield Vertex:    0.027976 | 0.040009 | 0.037243 | 0.044459 | 0.041294 | 0.041808 | 0.043439 | 0.046411 | 0.042397 | 0.044304 | 0.045565 | 0.047564 | 0.053154 | 0.048880 | 0.048268 | 0.050885 | 0.050858 | 0.049832 | 0.048539 | 0.049599 | 0.051591 | 0.050433 | 0.053140 | 0.053498 | 0.053909 | 0.053677 | 0.053799 | 0.053355 | 0.053663 | 0.052210 ||
	||-------------------------------------------------------------------------------------------------------------------------------||
	|| {11}:  06977 => 06192 | 0102 | 0683 | 0000 ||
	||-------------------------------------------------------------------------------------------------------------------------------||
	|| {12}: [Value:  0.000586; Vertex:  0.028020 | 0.052102 | 0.031550 | 0.066104 | 0.030035 | 0.040157 | 0.056093 | 0.077689 |-0.013173 | 0.080739 | 0.051319 | 0.075925 | 0.107059 | 0.006466 | 0.039875 | 0.074034 | 0.063166 | 0.029722 | 0.037416 | 0.086578 | 0.050811 | 0.039257 | 0.089695 | 0.086035 | 0.047508 | 0.077959 | 0.073267 | 0.051124 | 0.010789 | 0.030945] ||
	|| {12}: Cumulative Yield Vertex:    0.028020 | 0.040042 | 0.037210 | 0.044391 | 0.041513 | 0.041287 | 0.043394 | 0.047647 | 0.040802 | 0.044769 | 0.045363 | 0.047891 | 0.052380 | 0.049059 | 0.048446 | 0.050035 | 0.050804 | 0.049625 | 0.048981 | 0.050844 | 0.050842 | 0.050313 | 0.052008 | 0.053414 | 0.053178 | 0.054127 | 0.054833 | 0.054700 | 0.053171 | 0.052425 ||
	||-------------------------------------------------------------------------------------------------------------------------------||
	|| {12}:  05599 => 04800 | 0107 | 0692 | 0000 ||
	||-------------------------------------------------------------------------------------------------------------------------------||
	|| {13}: [Value:  0.000599; Vertex:  0.027969 | 0.052095 | 0.031576 | 0.067048 | 0.028276 | 0.042531 | 0.055808 | 0.062531 | 0.021636 | 0.060085 | 0.048056 | 0.092049 | 0.068743 | 0.031552 | 0.040392 | 0.073308 | 0.068081 | 0.027751 | 0.032775 | 0.073754 | 0.052104 | 0.048538 | 0.098136 | 0.080344 | 0.058162 | 0.058791 | 0.040299 | 0.070242 | 0.076822 | 0.049940] ||
	|| {13}: Cumulative Yield Vertex:    0.027969 | 0.040013 | 0.037199 | 0.044616 | 0.041339 | 0.041538 | 0.043569 | 0.045928 | 0.043216 | 0.044900 | 0.045186 | 0.049049 | 0.050556 | 0.049190 | 0.048603 | 0.050137 | 0.051188 | 0.049876 | 0.048973 | 0.050204 | 0.050294 | 0.050214 | 0.052274 | 0.053435 | 0.053623 | 0.053822 | 0.053320 | 0.053922 | 0.054707 | 0.054547 ||
	||-------------------------------------------------------------------------------------------------------------------------------||
	|| {13}:  04585 => 03846 | 0072 | 0667 | 0000 ||
	||-------------------------------------------------------------------------------------------------------------------------------||
	|| {14}: [Value:  0.000590; Vertex:  0.028004 | 0.052137 | 0.031551 | 0.065998 | 0.030574 | 0.038707 | 0.058084 | 0.068829 | 0.006242 | 0.072856 | 0.044255 | 0.088441 | 0.077020 | 0.030956 | 0.035092 | 0.086460 | 0.056607 | 0.032770 | 0.021443 | 0.069647 | 0.080087 | 0.025885 | 0.099877 | 0.082880 | 0.081256 | 0.059968 | 0.032948 | 0.065471 | 0.010618 | 0.061728] ||
	|| {14}: Cumulative Yield Vertex:    0.028004 | 0.040051 | 0.037217 | 0.044369 | 0.041604 | 0.041120 | 0.043533 | 0.046676 | 0.042146 | 0.045202 | 0.045116 | 0.048690 | 0.050854 | 0.049423 | 0.048465 | 0.050818 | 0.051158 | 0.050130 | 0.048611 | 0.049657 | 0.051095 | 0.049940 | 0.052085 | 0.053358 | 0.054466 | 0.054678 | 0.053869 | 0.054282 | 0.052762 | 0.053061 ||
	||-------------------------------------------------------------------------------------------------------------------------------||
	|| {14}:  04732 => 04012 | 0062 | 0658 | 0000 ||
	||-------------------------------------------------------------------------------------------------------------------------------||
	|| {15}: [Value:  0.000592; Vertex:  0.028070 | 0.051985 | 0.031582 | 0.066883 | 0.028611 | 0.041891 | 0.055543 | 0.067505 | 0.014131 | 0.068691 | 0.041177 | 0.090313 | 0.079159 | 0.019143 | 0.056871 | 0.057335 | 0.048298 | 0.059072 | 0.030456 | 0.054827 | 0.089080 | 0.022977 | 0.085167 | 0.094868 | 0.089886 | 0.050706 | 0.025032 | 0.056521 | 0.051924 | 0.058648] ||
	|| {15}: Cumulative Yield Vertex:    0.028070 | 0.040009 | 0.037199 | 0.044574 | 0.041373 | 0.041460 | 0.043464 | 0.046452 | 0.042838 | 0.045413 | 0.045028 | 0.048761 | 0.051082 | 0.048780 | 0.049318 | 0.049818 | 0.049728 | 0.050247 | 0.049202 | 0.049482 | 0.051350 | 0.050049 | 0.051562 | 0.053347 | 0.054796 | 0.054638 | 0.053534 | 0.053641 | 0.053582 | 0.053751 ||
	||-------------------------------------------------------------------------------------------------------------------------------||
	|| {15}:  04388 => 03663 | 0069 | 0656 | 0000 ||
	||-------------------------------------------------------------------------------------------------------------------------------||
	|| {16}: [Value:  0.000584; Vertex:  0.028098 | 0.051819 | 0.032063 | 0.065663 | 0.029558 | 0.042463 | 0.052619 | 0.083899 |-0.028715 | 0.109627 | 0.031846 | 0.084848 | 0.077003 | 0.038597 | 0.036221 | 0.076922 | 0.033547 | 0.055763 | 0.021480 | 0.082160 | 0.082008 | 0.012430 | 0.111330 | 0.086585 | 0.100754 | 0.016548 | 0.056770 | 0.049045 | 0.004390 | 0.036296] ||
	|| {16}: Cumulative Yield Vertex:    0.028098 | 0.039940 | 0.037313 | 0.044359 | 0.041392 | 0.041571 | 0.043144 | 0.048191 | 0.039505 | 0.046424 | 0.045096 | 0.048377 | 0.050564 | 0.049705 | 0.048804 | 0.050549 | 0.049545 | 0.049891 | 0.048387 | 0.050061 | 0.051570 | 0.049771 | 0.052408 | 0.053820 | 0.055676 | 0.054154 | 0.054251 | 0.054065 | 0.052333 | 0.051795 ||
	||-------------------------------------------------------------------------------------------------------------------------------||
	|| {16}:  05505 => 04725 | 0097 | 0683 | 0000 ||
	||-------------------------------------------------------------------------------------------------------------------------------||
	|| {17}: [Value:  0.000584; Vertex:  0.027978 | 0.052107 | 0.031564 | 0.066876 | 0.028321 | 0.043047 | 0.054174 | 0.073086 |-0.002250 | 0.092212 | 0.029877 | 0.079065 | 0.107925 | 0.002867 | 0.042864 | 0.094392 | 0.038324 | 0.040130 | 0.023865 | 0.081611 | 0.082644 | 0.012907 | 0.099078 | 0.092093 | 0.077308 | 0.045653 | 0.060165 | 0.019255 | 0.043915 | 0.065490] ||
	|| {17}: Cumulative Yield Vertex:    0.027978 | 0.040024 | 0.037203 | 0.044576 | 0.041316 | 0.041605 | 0.043395 | 0.047080 | 0.041543 | 0.046564 | 0.045042 | 0.047854 | 0.052410 | 0.048824 | 0.048427 | 0.051268 | 0.050505 | 0.049926 | 0.048547 | 0.050186 | 0.051719 | 0.049936 | 0.052047 | 0.053699 | 0.054637 | 0.054290 | 0.054507 | 0.053239 | 0.052917 | 0.053335 ||
	||-------------------------------------------------------------------------------------------------------------------------------||
	|| {17}:  05479 => 04746 | 0072 | 0661 | 0000 ||
	||-------------------------------------------------------------------------------------------------------------------------------||
	|| {18}: [Value:  0.000582; Vertex:  0.028109 | 0.051997 | 0.031611 | 0.066304 | 0.029021 | 0.043515 | 0.051888 | 0.078474 |-0.011890 | 0.089158 | 0.040893 | 0.080867 | 0.111447 |-0.002554 | 0.037359 | 0.092311 | 0.039868 | 0.043299 | 0.026859 | 0.121767 | 0.026365 | 0.011628 | 0.123842 | 0.067838 | 0.078382 | 0.066250 | 0.064110 | 0.054193 | 0.005652 | 0.021238] ||
	|| {18}: Cumulative Yield Vertex:    0.028109 | 0.040034 | 0.037225 | 0.044451 | 0.041358 | 0.041718 | 0.043166 | 0.047544 | 0.040857 | 0.045646 | 0.045214 | 0.048159 | 0.052956 | 0.048933 | 0.048160 | 0.050890 | 0.050240 | 0.049853 | 0.048637 | 0.052231 | 0.050993 | 0.049183 | 0.052372 | 0.053013 | 0.054021 | 0.054491 | 0.054847 | 0.054823 | 0.053109 | 0.052036 ||
	||-------------------------------------------------------------------------------------------------------------------------------||
	|| {18}:  07640 => 06817 | 0119 | 0704 | 0000 ||
	||-------------------------------------------------------------------------------------------------------------------------------||
	|| {19}: [Value:  0.000579; Vertex:  0.028037 | 0.052181 | 0.031226 | 0.067258 | 0.028276 | 0.042130 | 0.054027 | 0.081102 |-0.023673 | 0.104422 | 0.033077 | 0.086150 | 0.108667 |-0.011060 | 0.064766 | 0.043506 | 0.075807 | 0.044290 | 0.018232 | 0.102114 | 0.045361 | 0.021515 | 0.112799 | 0.074450 | 0.085281 | 0.032081 | 0.060403 | 0.073744 | 0.016652 | 0.084848] ||
	|| {19}: Cumulative Yield Vertex:    0.028037 | 0.040090 | 0.037134 | 0.044618 | 0.041341 | 0.041473 | 0.043260 | 0.047949 | 0.039870 | 0.046247 | 0.045047 | 0.048439 | 0.053007 | 0.048354 | 0.049444 | 0.049072 | 0.050634 | 0.050281 | 0.048582 | 0.051225 | 0.050945 | 0.049596 | 0.052302 | 0.053219 | 0.054491 | 0.053623 | 0.053874 | 0.054580 | 0.053261 | 0.054308 ||
	||-------------------------------------------------------------------------------------------------------------------------------||
	|| {19}:  07621 => 06759 | 0141 | 0721 | 0000 ||
	||-------------------------------------------------------------------------------------------------------------------------------||

	|-----------------------------------------------------------------|
	|    Copyright (C) 2011-2026 (DRIP, DROP)
	|-----------------------------------------------------------------|
	|    Build Version  => 8.01.0 multi
	|    Build JVM (TM) => 15.0.1+9-18 mixed mode, sharing
	|    Build Snap     => Sat Sep 26 23:09:04 EST 2026
	|    Start Time     => Fri Oct 02 15:55:13 EDT 2026
	|    Setup Time     => Fri Oct 02 15:55:13 EDT 2026
	|    Finish Time    => Fri Oct 02 16:10:14 EDT 2026
	|    Setup Duration => 720 ms
	|    Run Duration   => 15 m 239 ms
	|-----------------------------------------------------------------|

