
	|-----------------------------------------------------------------|
	|    Copyright (C) 2011-2026 (DRIP, DROP)
	|-----------------------------------------------------------------|
	|    Build Version  => 8.01.0 multi
	|    Build JVM (TM) => 15.0.1+9-18 mixed mode, sharing
	|    Build Snap     => Sat Sep 26 23:09:04 EST 2026
	|    Start Time     => Fri Oct 02 10:17:31 EDT 2026
	|    Setup Time     => Fri Oct 02 10:17:32 EDT 2026
	|    Setup Duration => 1 s 43 ms
	|-----------------------------------------------------------------|

	||--------------------------------------------------||
	|| Multi-Bond Curve Calibrator => Multi-Bond Least-squares Function: {25-SEP-2026, USD, UST, 1} {Pillar Dates: 25-SEP-2027, 25-SEP-2028, 25-SEP-2029, 25-SEP-2030, 25-SEP-2031, 25-SEP-2032, 25-SEP-2033, 25-SEP-2034, 25-SEP-2035, 25-SEP-2036, 25-SEP-2037, 25-SEP-2038, 25-SEP-2039, 25-SEP-2040, 25-SEP-2041, 25-SEP-2042, 25-SEP-2043, 25-SEP-2044, 25-SEP-2045, 25-SEP-2046, 25-SEP-2047, 25-SEP-2048, 25-SEP-2049, 25-SEP-2050, 25-SEP-2051, 25-SEP-2052, 25-SEP-2053, 25-SEP-2054, 25-SEP-2055, 25-SEP-2056, };
Calibration Components:
	[1 4.00 15-FEB-2029] => 099.908 | 01.00]
	[2 5.00 01-AUG-2029] => 102.160 | 01.00]
	[3 5.00 15-OCT-2029] => 103.519 | 01.00]
	[4 5.00 15-FEB-2030] => 102.500 | 01.00]
	[5 5.00 15-FEB-2029] => 103.139 | 01.00]
	[6 4.00 01-MAR-2029] => 100.997 | 01.00]
	[7 5.00 01-DEC-2029] => 103.406 | 01.00]
	[8 4.00 01-NOV-2029] => 102.299 | 01.00]
	[9 5.00 15-FEB-2030] => 102.717 | 01.00]
	[10 5.00 01-OCT-2028] => 102.911 | 01.00]
	[11 5.00 01-DEC-2028] => 101.912 | 01.00]
	[12 5.00 15-FEB-2029] => 102.520 | 01.00]
	[13 5.00 01-DEC-2028] => 102.300 | 01.00]
	[14 5.00 01-DEC-2029] => 101.390 | 01.00]
	[15 5.25 01-FEB-2028] => 101.685 | 01.00]
	[16 4.00 01-SEP-2027] => 101.458 | 01.00]
	[17 5.00 01-OCT-2029] => 104.180 | 01.00]
	[18 5.00 01-SEP-2028] => 102.138 | 01.00]
	[19 5.00 01-OCT-2028] => 101.613 | 01.00]
	[20 5.00 15-FEB-2028] => 101.566 | 01.00]
	[21 4.00 15-FEB-2029] => 099.308 | 01.00]
	[22 5.00 01-AUG-2029] => 102.160 | 01.00]
	[23 5.00 01-DEC-2031] => 102.393 | 01.00]
	[24 5.00 15-JUL-2030] => 101.789 | 01.00]
	[25 5.00 15-OCT-2029] => 103.519 | 01.00]
	[26 5.00 15-JUN-2031] => 102.508 | 01.00]
	[27 5.00 15-FEB-2030] => 102.500 | 01.00]
	[28 5.00 01-DEC-2031] => 104.367 | 01.00]
	[29 5.00 15-SEP-2031] => 103.830 | 01.00]
	[30 5.00 01-DEC-2031] => 104.428 | 01.00]
	[31 5.00 15-FEB-2029] => 103.139 | 01.00]
	[32 4.00 15-FEB-2031] => 100.930 | 01.00]
	[33 5.00 15-FEB-2031] => 102.911 | 01.00]
	[34 4.00 01-MAR-2029] => 100.997 | 01.00]
	[35 5.00 01-DEC-2029] => 103.406 | 01.00]
	[36 5.00 15-AUG-2031] => 104.846 | 01.00]
	[37 5.00 01-AUG-2031] => 102.660 | 01.00]
	[38 4.00 01-NOV-2029] => 102.299 | 01.00]
	[39 5.00 15-FEB-2030] => 102.717 | 01.00]
	[40 5.00 15-NOV-2030] => 101.733 | 01.00]
	[41 5.00 15-FEB-2033] => 104.480 | 01.00]
	[42 5.00 01-DEC-2031] => 102.393 | 01.00]
	[43 5.00 01-SEP-2033] => 106.315 | 01.00]
	[44 5.00 15-JUL-2030] => 101.789 | 01.00]
	[45 5.00 01-AUG-2033] => 106.279 | 01.00]
	[46 3.00 01-AUG-2033] => 091.858 | 01.00]
	[47 5.00 15-FEB-2033] => 104.370 | 01.00]
	[48 5.00 15-JUN-2031] => 102.508 | 01.00]
	[49 4.00 01-DEC-2033] => 096.755 | 01.00]
	[50 5.00 01-DEC-2031] => 104.367 | 01.00]
	[51 5.00 15-SEP-2031] => 103.830 | 01.00]
	[52 5.00 01-DEC-2031] => 104.428 | 01.00]
	[53 3.00 01-AUG-2033] => 090.860 | 01.00]
	[54 5.00 01-AUG-2032] => 104.339 | 01.00]
	[55 5.00 01-JUN-2032] => 104.219 | 01.00]
	[56 4.00 01-DEC-2033] => 097.556 | 01.00]
	[57 4.00 15-FEB-2031] => 100.930 | 01.00]
	[58 5.00 01-DEC-2033] => 100.840 | 01.00]
	[59 5.00 01-AUG-2032] => 104.178 | 01.00]
	[60 5.00 01-MAR-2032] => 104.380 | 01.00]
	[61 5.00 01-FEB-2038] => 101.599 | 01.00]
	[62 5.00 01-APR-2034] => 101.605 | 01.00]
	[63 5.00 01-DEC-2034] => 102.507 | 01.00]
	[64 5.00 15-FEB-2037] => 101.913 | 01.00]
	[65 5.00 01-FEB-2035] => 102.910 | 01.00]
	[66 5.00 15-FEB-2035] => 104.250 | 01.00]
	[67 4.00 15-AUG-2037] => 099.777 | 01.00]
	[68 4.00 15-AUG-2037] => 099.777 | 01.00]
	[69 5.00 01-MAR-2035] => 104.901 | 01.00]
	[70 5.00 01-FEB-2035] => 102.229 | 01.00]
	[71 5.00 15-FEB-2035] => 104.000 | 01.00]
	[72 5.00 01-JUN-2035] => 104.793 | 01.00]
	[73 5.00 01-AUG-2037] => 103.608 | 01.00]
	[74 5.00 01-JUL-2037] => 104.596 | 01.00]
	[75 5.00 01-FEB-2035] => 104.502 | 01.00]
	[76 4.00 15-FEB-2038] => 094.301 | 01.00]
	[77 5.00 01-OCT-2037] => 103.848 | 01.00]
	[78 5.00 01-AUG-2037] => 101.030 | 01.00]
	[79 5.00 01-AUG-2034] => 103.580 | 01.00]
	[80 5.00 15-AUG-2038] => 101.825 | 01.00]
	[81 5.00 01-FEB-2038] => 101.599 | 01.00]
	[82 4.00 15-AUG-2037] => 099.777 | 01.00]
	[83 5.00 01-JUL-2040] => 099.500 | 01.00]
	[84 5.00 15-FEB-2042] => 100.098 | 01.00]
	[85 5.00 01-JUL-2040] => 102.153 | 01.00]
	[86 5.00 01-AUG-2037] => 103.608 | 01.00]
	[87 5.00 01-JUL-2037] => 104.596 | 01.00]
	[88 4.00 01-DEC-2039] => 085.921 | 01.00]
	[89 5.00 15-JUN-2041] => 100.404 | 01.00]
	[90 4.00 15-FEB-2038] => 094.301 | 01.00]
	[91 5.00 01-OCT-2037] => 103.848 | 01.00]
	[92 5.00 01-AUG-2037] => 101.030 | 01.00]
	[93 5.00 15-AUG-2038] => 101.825 | 01.00]
	[94 4.00 01-DEC-2037] => 091.511 | 01.00]
	[95 5.00 01-DEC-2039] => 100.105 | 01.00]
	[96 5.00 01-DEC-2041] => 100.679 | 01.00]
	[97 5.00 15-FEB-2042] => 101.206 | 01.00]
	[98 5.00 15-FEB-2041] => 101.307 | 01.00]
	[99 5.00 01-OCT-2038] => 103.807 | 01.00]
	[100 5.00 15-DEC-2041] => 102.546 | 01.00]
	[101 4.00 01-FEB-2043] => 087.590 | 01.00]
	[102 5.00 01-JUL-2040] => 099.500 | 01.00]
	[103 5.00 15-FEB-2042] => 100.098 | 01.00]
	[104 5.00 01-JUL-2040] => 102.153 | 01.00]
	[105 4.00 15-FEB-2044] => 086.216 | 01.00]
	[106 5.00 15-JUN-2041] => 100.404 | 01.00]
	[107 3.12 15-AUG-2044] => 074.209 | 01.00]
	[108 5.25 15-JUN-2044] => 103.386 | 01.00]
	[109 4.00 01-OCT-2044] => 090.202 | 01.00]
	[110 5.00 01-DEC-2041] => 100.679 | 01.00]
	[111 5.00 01-AUG-2042] => 101.398 | 01.00]
	[112 5.00 15-FEB-2042] => 101.206 | 01.00]
	[113 5.00 15-FEB-2041] => 101.307 | 01.00]
	[114 5.00 15-DEC-2041] => 102.546 | 01.00]
	[115 5.00 01-APR-2043] => 098.596 | 01.00]
	[116 4.00 01-AUG-2043] => 091.366 | 01.00]
	[117 5.25 01-DEC-2040] => 103.561 | 01.00]
	[118 4.00 01-AUG-2041] => 089.275 | 01.00]
	[119 5.00 01-AUG-2044] => 100.962 | 01.00]
	[120 4.00 01-AUG-2046] => 086.847 | 01.00]
	[121 5.00 15-FEB-2048] => 099.994 | 01.00]
	[122 4.00 15-JUN-2049] => 080.650 | 01.00]
	[123 4.00 01-AUG-2046] => 086.847 | 01.00]
	[124 4.00 01-APR-2045] => 084.923 | 01.00]
	[125 4.00 01-AUG-2047] => 082.634 | 01.00]
	[126 4.00 01-JUN-2047] => 085.130 | 01.00]
	[127 5.00 01-APR-2048] => 100.144 | 01.00]
	[128 5.00 01-SEP-2045] => 102.435 | 01.00]
	[129 5.00 01-OCT-2048] => 100.701 | 01.00]
	[130 4.00 01-OCT-2045] => 090.679 | 01.00]
	[131 5.00 15-SEP-2045] => 099.835 | 01.00]
	[132 5.00 01-FEB-2046] => 102.589 | 01.00]
	[133 4.00 01-FEB-2047] => 084.149 | 01.00]
	[134 5.00 01-FEB-2052] => 093.173 | 01.00]
	[135 4.62 15-JUN-2045] => 100.419 | 01.00]
	[136 5.00 01-JUL-2045] => 100.733 | 01.00]
	[137 5.00 15-FEB-2049] => 102.120 | 01.00]
	[138 5.00 15-AUG-2049] => 098.927 | 01.00]
	[139 5.00 15-SEP-2048] => 099.268 | 01.00]
	[140 5.25 15-FEB-2049] => 105.177 | 01.00]
	[141 5.00 15-MAR-2050] => 096.043 | 01.00]
	[142 5.25 15-MAR-2050] => 094.408 | 01.00]
	[143 5.00 15-JUN-2050] => 095.368 | 01.00]
	[144 5.00 01-DEC-2055] => 093.455 | 01.00]
	[145 5.00 15-FEB-2051] => 094.711 | 01.00]
	[146 5.00 15-FEB-2051] => 098.621 | 01.00]
	[147 4.25 01-FEB-2054] => 080.086 | 01.00]
	[148 5.25 01-FEB-2053] => 096.535 | 01.00]
	[149 5.00 01-AUG-2052] => 095.798 | 01.00]
	[150 5.25 01-DEC-2054] => 094.668 | 01.00]
	[151 4.50 15-MAY-2052] => 084.838 | 01.00]
	[152 5.00 01-JUN-2055] => 094.722 | 01.00]
	[153 5.25 01-AUG-2050] => 100.836 | 01.00]
	[154 5.25 15-JUN-2055] => 097.958 | 01.00]
	[155 5.00 01-DEC-2052] => 100.367 | 01.00]
	[156 4.50 15-AUG-2050] => 088.758 | 01.00]
	[157 4.25 01-AUG-2052] => 084.874 | 01.00]
	[158 4.00 01-JUN-2051] => 076.770 | 01.00]
	[159 5.00 15-MAR-2055] => 094.590 | 01.00]
	[160 5.00 01-JAN-2056] => 103.206 | 01.00]
	||  {Vertex Count => 40 | Lower Search Bound => 0.01 | Upper Search Bound => 0.09 | Incorporate Centroid => false | Tolerance => 1.e-07}
	||--------------------------------------------------||

	||-------------------------------------------------------------------------------------------------------------------------------||
	|| {0}: [Value:  0.000591; Vertex:  0.028001 | 0.052114 | 0.031478 | 0.067186 | 0.027736 | 0.043109 | 0.057179 | 0.064867 | 0.005305 | 0.077368 | 0.040852 | 0.099161 | 0.065450 | 0.044159 | 0.024362 | 0.068376 | 0.069187 | 0.045439 | 0.015089 | 0.085332 | 0.069698 | 0.039453 | 0.090313 | 0.076187 | 0.093967 |-0.007716 | 0.081641 | 0.056445 | 0.017020 | 0.035203] ||
	|| {0}: Cumulative Yield Vertex:    0.028001 | 0.040039 | 0.037184 | 0.044638 | 0.041248 | 0.041559 | 0.043781 | 0.046403 | 0.041798 | 0.045335 | 0.044927 | 0.049389 | 0.050620 | 0.050157 | 0.048428 | 0.049668 | 0.050811 | 0.050511 | 0.048633 | 0.050451 | 0.051363 | 0.050819 | 0.052519 | 0.053499 | 0.055102 | 0.052645 | 0.053711 | 0.053808 | 0.052529 | 0.051948 ||
	||-------------------------------------------------------------------------------------------------------------------------------||
	|| {0}:  01939 => 01539 | 0056 | 0344 | 0000 ||
	||-------------------------------------------------------------------------------------------------------------------------------||
	|| {1}: [Value:  0.000603; Vertex:  0.028043 | 0.051986 | 0.031709 | 0.066265 | 0.028778 | 0.042546 | 0.056240 | 0.065026 | 0.016064 | 0.061131 | 0.050101 | 0.081415 | 0.102334 | 0.011169 | 0.041639 | 0.056777 | 0.052648 | 0.069005 | 0.014601 | 0.064227 | 0.087181 | 0.064189 | 0.075513 | 0.052244 | 0.053962 | 0.019582 | 0.089888 | 0.106924 | 0.035802 | 0.048908] ||
	|| {1}: Cumulative Yield Vertex:    0.028043 | 0.039996 | 0.037233 | 0.044447 | 0.041306 | 0.041513 | 0.043608 | 0.046272 | 0.042895 | 0.044715 | 0.045203 | 0.048195 | 0.052307 | 0.049335 | 0.048821 | 0.049317 | 0.049513 | 0.050593 | 0.048684 | 0.049458 | 0.051238 | 0.051826 | 0.052849 | 0.052824 | 0.052870 | 0.051577 | 0.052982 | 0.054883 | 0.054223 | 0.054045 ||
	||-------------------------------------------------------------------------------------------------------------------------------||
	|| {1}:  01915 => 01576 | 0031 | 0308 | 0000 ||
	||-------------------------------------------------------------------------------------------------------------------------------||
	|| {2}: [Value:  0.000615; Vertex:  0.028026 | 0.052026 | 0.031708 | 0.065896 | 0.030670 | 0.037257 | 0.062529 | 0.053150 | 0.039760 | 0.052379 | 0.053224 | 0.047603 | 0.099504 | 0.043419 | 0.038166 | 0.074109 | 0.048663 | 0.041131 | 0.013361 | 0.090838 | 0.088422 | 0.038424 | 0.080385 | 0.048442 | 0.082799 | 0.059130 | 0.054207 | 0.054640 | 0.054844 | 0.061566] ||
	|| {2}: Cumulative Yield Vertex:    0.028026 | 0.040007 | 0.037240 | 0.044361 | 0.041617 | 0.040888 | 0.043964 | 0.045109 | 0.044514 | 0.045301 | 0.046019 | 0.046151 | 0.050204 | 0.049718 | 0.048946 | 0.050509 | 0.050400 | 0.049883 | 0.047946 | 0.050068 | 0.051877 | 0.051262 | 0.052519 | 0.052349 | 0.053558 | 0.053772 | 0.053788 | 0.053819 | 0.053854 | 0.054111 ||
	||-------------------------------------------------------------------------------------------------------------------------------||
	|| {2}:  01890 => 01507 | 0049 | 0334 | 0000 ||
	||-------------------------------------------------------------------------------------------------------------------------------||
	|| {3}: [Value:  0.000601; Vertex:  0.028197 | 0.051917 | 0.031168 | 0.068673 | 0.025794 | 0.044648 | 0.054750 | 0.063353 | 0.018900 | 0.063962 | 0.049877 | 0.082392 | 0.083707 | 0.021796 | 0.042525 | 0.069866 | 0.053174 | 0.025303 | 0.061149 | 0.055539 | 0.082627 | 0.048156 | 0.095760 | 0.045545 | 0.103672 | 0.064517 | 0.033703 | 0.031930 | 0.002493 | 0.039068] ||
	|| {3}: Cumulative Yield Vertex:    0.028197 | 0.040039 | 0.037080 | 0.044928 | 0.041089 | 0.041682 | 0.043543 | 0.046007 | 0.042979 | 0.045071 | 0.045508 | 0.048554 | 0.051235 | 0.049114 | 0.048674 | 0.049992 | 0.050179 | 0.048786 | 0.049434 | 0.049739 | 0.051292 | 0.051149 | 0.053067 | 0.052754 | 0.054765 | 0.055140 | 0.054343 | 0.053539 | 0.051758 | 0.051333 ||
	||-------------------------------------------------------------------------------------------------------------------------------||
	|| {3}:  02113 => 01746 | 0040 | 0327 | 0000 ||
	||-------------------------------------------------------------------------------------------------------------------------------||
	|| {4}: [Value:  0.000592; Vertex:  0.028126 | 0.051813 | 0.031875 | 0.066404 | 0.028887 | 0.042077 | 0.055627 | 0.072195 |-0.004084 | 0.098015 | 0.024037 | 0.094413 | 0.076357 | 0.032688 | 0.039930 | 0.034405 | 0.108790 | 0.004516 | 0.059120 | 0.080582 | 0.063709 | 0.028380 | 0.063189 | 0.115893 | 0.028782 | 0.074082 | 0.093857 | 0.049062 | 0.021905 | 0.000207] ||
	|| {4}: Cumulative Yield Vertex:    0.028126 | 0.039952 | 0.037258 | 0.044501 | 0.041370 | 0.041488 | 0.043501 | 0.047063 | 0.041320 | 0.046930 | 0.044840 | 0.048923 | 0.051019 | 0.049702 | 0.049049 | 0.048132 | 0.051649 | 0.048996 | 0.049527 | 0.051068 | 0.051668 | 0.050601 | 0.051147 | 0.053803 | 0.052796 | 0.053613 | 0.055088 | 0.054873 | 0.053728 | 0.051917 ||
	||-------------------------------------------------------------------------------------------------------------------------------||
	|| {4}:  02073 => 01689 | 0048 | 0336 | 0000 ||
	||-------------------------------------------------------------------------------------------------------------------------------||
	|| {5}: [Value:  0.000608; Vertex:  0.028078 | 0.051947 | 0.031754 | 0.066608 | 0.029020 | 0.039815 | 0.060050 | 0.054758 | 0.041204 | 0.046262 | 0.047152 | 0.090142 | 0.087254 | 0.008765 | 0.058390 | 0.046267 | 0.055420 | 0.050262 | 0.057504 | 0.049780 | 0.053400 | 0.071883 | 0.092483 | 0.050427 | 0.064457 | 0.075115 | 0.057638 | 0.049138 | 0.053094 | 0.044251] ||
	|| {5}: Cumulative Yield Vertex:    0.028078 | 0.039994 | 0.037246 | 0.044542 | 0.041430 | 0.041160 | 0.043846 | 0.045206 | 0.044761 | 0.044911 | 0.045115 | 0.048827 | 0.051756 | 0.048649 | 0.049296 | 0.049107 | 0.049478 | 0.049521 | 0.049940 | 0.049932 | 0.050097 | 0.051084 | 0.052866 | 0.052764 | 0.053231 | 0.054070 | 0.054202 | 0.054021 | 0.053989 | 0.053663 ||
	||-------------------------------------------------------------------------------------------------------------------------------||
	|| {5}:  01758 => 01401 | 0033 | 0324 | 0000 ||
	||-------------------------------------------------------------------------------------------------------------------------------||
	|| {6}: [Value:  0.000601; Vertex:  0.027996 | 0.052198 | 0.031482 | 0.066810 | 0.028889 | 0.039194 | 0.060950 | 0.065787 | 0.004080 | 0.060187 | 0.064078 | 0.079538 | 0.071520 | 0.048323 | 0.032622 | 0.068725 | 0.039318 | 0.044072 | 0.053578 | 0.056159 | 0.091684 | 0.029701 | 0.073955 | 0.098546 | 0.056113 | 0.057046 | 0.056529 | 0.048147 | 0.057161 | 0.061250] ||
	|| {6}: Cumulative Yield Vertex:    0.027996 | 0.040078 | 0.037211 | 0.044566 | 0.041422 | 0.041050 | 0.043879 | 0.046603 | 0.041837 | 0.043668 | 0.045514 | 0.048326 | 0.050099 | 0.049972 | 0.048812 | 0.050050 | 0.049417 | 0.049120 | 0.049354 | 0.049693 | 0.051672 | 0.050666 | 0.051673 | 0.053603 | 0.053704 | 0.053832 | 0.053932 | 0.053725 | 0.053844 | 0.054091 ||
	||-------------------------------------------------------------------------------------------------------------------------------||
	|| {6}:  01744 => 01397 | 0030 | 0317 | 0000 ||
	||-------------------------------------------------------------------------------------------------------------------------------||
	|| {7}: [Value:  0.000593; Vertex:  0.028019 | 0.052280 | 0.030971 | 0.067994 | 0.027611 | 0.042578 | 0.056604 | 0.063402 | 0.015766 | 0.054119 | 0.061745 | 0.071720 | 0.099271 | 0.035386 | 0.013454 | 0.085582 | 0.039170 | 0.075408 | 0.005030 | 0.083153 | 0.093976 |-0.001568 | 0.125219 | 0.041509 | 0.079495 | 0.057722 | 0.057055 | 0.043213 | 0.040426 | 0.044160] ||
	|| {7}: Cumulative Yield Vertex:    0.028019 | 0.040130 | 0.037075 | 0.044756 | 0.041317 | 0.041528 | 0.043673 | 0.046127 | 0.042733 | 0.043871 | 0.045489 | 0.047660 | 0.051582 | 0.050419 | 0.047936 | 0.050267 | 0.049613 | 0.051040 | 0.048594 | 0.050307 | 0.052365 | 0.049877 | 0.053094 | 0.052610 | 0.053678 | 0.053834 | 0.053953 | 0.053569 | 0.053115 | 0.052815 ||
	||-------------------------------------------------------------------------------------------------------------------------------||
	|| {7}:  02195 => 01813 | 0048 | 0334 | 0000 ||
	||-------------------------------------------------------------------------------------------------------------------------------||
	|| {8}: [Value:  0.000591; Vertex:  0.028034 | 0.052049 | 0.031688 | 0.066554 | 0.028192 | 0.044674 | 0.052395 | 0.073001 |-0.002964 | 0.095265 | 0.028006 | 0.086163 | 0.088322 | 0.020015 | 0.034383 | 0.096448 | 0.044318 | 0.024232 | 0.044046 | 0.097045 | 0.048422 | 0.010451 | 0.109440 | 0.114683 | 0.006047 | 0.087166 | 0.033241 | 0.053933 | 0.078295 | 0.024611] ||
	|| {8}: Cumulative Yield Vertex:    0.028034 | 0.040023 | 0.037243 | 0.044527 | 0.041251 | 0.041822 | 0.043328 | 0.047011 | 0.041401 | 0.046734 | 0.045026 | 0.048421 | 0.051461 | 0.049194 | 0.048204 | 0.051184 | 0.050780 | 0.049293 | 0.049017 | 0.051390 | 0.051249 | 0.049373 | 0.051947 | 0.054522 | 0.052562 | 0.053884 | 0.053117 | 0.053146 | 0.054007 | 0.053019 ||
	||-------------------------------------------------------------------------------------------------------------------------------||
	|| {8}:  02397 => 02026 | 0047 | 0324 | 0000 ||
	||-------------------------------------------------------------------------------------------------------------------------------||
	|| {9}: [Value:  0.000594; Vertex:  0.028191 | 0.051775 | 0.031621 | 0.066845 | 0.029707 | 0.039322 | 0.055378 | 0.075233 |-0.002342 | 0.081260 | 0.042312 | 0.083182 | 0.065211 | 0.049011 | 0.043665 | 0.053936 | 0.042651 | 0.057535 | 0.038333 | 0.078445 | 0.053496 | 0.034377 | 0.116745 | 0.075325 | 0.097271 | 0.038925 | 0.037841 | 0.039210 | 0.016919 | 0.079958] ||
	|| {9}: Cumulative Yield Vertex:    0.028191 | 0.039965 | 0.037182 | 0.044553 | 0.041576 | 0.041200 | 0.043218 | 0.047190 | 0.041630 | 0.045566 | 0.045270 | 0.048401 | 0.049688 | 0.049640 | 0.049241 | 0.049534 | 0.049129 | 0.049596 | 0.049002 | 0.050463 | 0.050607 | 0.049865 | 0.052727 | 0.053663 | 0.055388 | 0.054751 | 0.054123 | 0.053589 | 0.052314 | 0.053232 ||
	||-------------------------------------------------------------------------------------------------------------------------------||
	|| {9}:  02036 => 01661 | 0040 | 0335 | 0000 ||
	||-------------------------------------------------------------------------------------------------------------------------------||
	|| {10}: [Value:  0.000597; Vertex:  0.027984 | 0.052240 | 0.031150 | 0.067921 | 0.027362 | 0.042416 | 0.056608 | 0.062803 | 0.020290 | 0.042671 | 0.072919 | 0.076805 | 0.094005 | 0.001236 | 0.067103 | 0.045645 | 0.079449 | 0.052322 | 0.007958 | 0.047784 | 0.103085 | 0.022852 | 0.074552 | 0.143299 | 0.050426 | 0.030924 | 0.045757 | 0.067748 | 0.034025 | 0.038092] ||
	|| {10}: Cumulative Yield Vertex:    0.027984 | 0.040093 | 0.037110 | 0.044764 | 0.041274 | 0.041465 | 0.043619 | 0.046006 | 0.043134 | 0.043088 | 0.045780 | 0.048346 | 0.051820 | 0.048158 | 0.049415 | 0.049179 | 0.050946 | 0.051023 | 0.048735 | 0.048687 | 0.051244 | 0.049942 | 0.051005 | 0.054768 | 0.054594 | 0.053677 | 0.053383 | 0.053894 | 0.053206 | 0.052699 ||
	||-------------------------------------------------------------------------------------------------------------------------------||
	|| {10}:  02162 => 01764 | 0054 | 0344 | 0000 ||
	||-------------------------------------------------------------------------------------------------------------------------------||
	|| {11}: [Value:  0.000586; Vertex:  0.027911 | 0.052141 | 0.031527 | 0.067175 | 0.028117 | 0.042693 | 0.053681 | 0.076760 |-0.008416 | 0.101653 | 0.022422 | 0.084717 | 0.095994 | 0.022477 | 0.037010 | 0.060921 | 0.058766 | 0.049411 | 0.026100 | 0.087212 | 0.048521 | 0.050559 | 0.069177 | 0.109301 | 0.030596 | 0.103782 | 0.071935 | 0.048339 |-0.020516 |-0.006036] ||
	|| {11}: Cumulative Yield Vertex:    0.027911 | 0.040007 | 0.037179 | 0.044632 | 0.041320 | 0.041549 | 0.043276 | 0.047429 | 0.041152 | 0.047134 | 0.044877 | 0.048165 | 0.051803 | 0.049690 | 0.048843 | 0.049595 | 0.050133 | 0.050093 | 0.048824 | 0.050725 | 0.050620 | 0.050617 | 0.051420 | 0.053798 | 0.052866 | 0.054805 | 0.055437 | 0.055183 | 0.052527 | 0.050543 ||
	||-------------------------------------------------------------------------------------------------------------------------------||
	|| {11}:  03261 => 02767 | 0098 | 0396 | 0000 ||
	||-------------------------------------------------------------------------------------------------------------------------------||
	|| {12}: [Value:  0.000600; Vertex:  0.028141 | 0.051985 | 0.031383 | 0.067425 | 0.027539 | 0.045300 | 0.051206 | 0.071533 | 0.003331 | 0.059415 | 0.065995 | 0.066749 | 0.102257 | 0.023288 | 0.044336 | 0.052369 | 0.045315 | 0.052525 | 0.043658 | 0.084929 | 0.035738 | 0.084295 | 0.057404 | 0.106559 | 0.062269 | 0.010407 | 0.049589 | 0.106281 | 0.020784 | 0.077754] ||
	|| {12}: Cumulative Yield Vertex:    0.028141 | 0.040045 | 0.037156 | 0.044676 | 0.041239 | 0.041916 | 0.043240 | 0.046753 | 0.041885 | 0.043635 | 0.045656 | 0.047404 | 0.051570 | 0.049532 | 0.049186 | 0.049385 | 0.049145 | 0.049333 | 0.049034 | 0.050813 | 0.050093 | 0.051639 | 0.051889 | 0.054137 | 0.054461 | 0.052745 | 0.052629 | 0.054520 | 0.053348 | 0.054158 ||
	||-------------------------------------------------------------------------------------------------------------------------------||
	|| {12}:  02604 => 02205 | 0062 | 0337 | 0000 ||
	||-------------------------------------------------------------------------------------------------------------------------------||
	|| {13}: [Value:  0.000601; Vertex:  0.027945 | 0.052251 | 0.031323 | 0.066958 | 0.028895 | 0.041693 | 0.057185 | 0.059839 | 0.025191 | 0.082044 | 0.023698 | 0.083902 | 0.073109 | 0.041438 | 0.047509 | 0.043091 | 0.059503 | 0.031384 | 0.061733 | 0.091832 | 0.080419 |-0.005020 | 0.055633 | 0.110676 | 0.081732 | 0.064051 | 0.100142 | 0.012641 | 0.022647 | 0.075053] ||
	|| {13}: Cumulative Yield Vertex:    0.027945 | 0.040078 | 0.037158 | 0.044562 | 0.041421 | 0.041466 | 0.043703 | 0.045712 | 0.043423 | 0.047260 | 0.045108 | 0.048311 | 0.050207 | 0.049578 | 0.049440 | 0.049043 | 0.049656 | 0.048635 | 0.049322 | 0.051425 | 0.052796 | 0.050126 | 0.050365 | 0.052842 | 0.053989 | 0.054376 | 0.056052 | 0.054486 | 0.053381 | 0.054101 ||
	||-------------------------------------------------------------------------------------------------------------------------------||
	|| {13}:  01966 => 01581 | 0047 | 0338 | 0000 ||
	||-------------------------------------------------------------------------------------------------------------------------------||
	|| {14}: [Value:  0.000593; Vertex:  0.028048 | 0.052142 | 0.031179 | 0.068264 | 0.026256 | 0.047120 | 0.049117 | 0.074677 | 0.001337 | 0.072802 | 0.045766 | 0.094831 | 0.065459 | 0.030532 | 0.052495 | 0.059354 | 0.025789 | 0.101450 | 0.000674 | 0.080901 | 0.104798 | 0.002216 | 0.046427 | 0.139051 | 0.060126 | 0.057162 | 0.014607 | 0.101802 |-0.010733 | 0.029465] ||
	|| {14}: Cumulative Yield Vertex:    0.028048 | 0.040076 | 0.037109 | 0.044848 | 0.041118 | 0.042119 | 0.043116 | 0.047032 | 0.041907 | 0.044981 | 0.045053 | 0.049152 | 0.050401 | 0.048973 | 0.049207 | 0.049840 | 0.048418 | 0.051335 | 0.048638 | 0.050238 | 0.052803 | 0.050471 | 0.050295 | 0.053916 | 0.054164 | 0.054280 | 0.052797 | 0.054527 | 0.052242 | 0.051478 ||
	||-------------------------------------------------------------------------------------------------------------------------------||
	|| {14}:  02277 => 01906 | 0044 | 0327 | 0000 ||
	||-------------------------------------------------------------------------------------------------------------------------------||
	|| {15}: [Value:  0.000602; Vertex:  0.028086 | 0.051935 | 0.031734 | 0.066205 | 0.029051 | 0.041603 | 0.059019 | 0.053270 | 0.044081 | 0.038417 | 0.054729 | 0.083626 | 0.078816 | 0.028716 | 0.048971 | 0.054863 | 0.072516 | 0.048010 |-0.008665 | 0.135921 | 0.027067 | 0.067803 | 0.083890 | 0.058204 | 0.085421 | 0.049044 | 0.029627 | 0.064373 | 0.022613 | 0.019467] ||
	|| {15}: Cumulative Yield Vertex:    0.028086 | 0.039992 | 0.037238 | 0.044437 | 0.041352 | 0.041394 | 0.043900 | 0.045069 | 0.044959 | 0.044302 | 0.045247 | 0.048416 | 0.050737 | 0.049153 | 0.049141 | 0.049498 | 0.050844 | 0.050686 | 0.047521 | 0.051850 | 0.050664 | 0.051441 | 0.052841 | 0.053064 | 0.054347 | 0.054143 | 0.053230 | 0.053627 | 0.052550 | 0.051437 ||
	||-------------------------------------------------------------------------------------------------------------------------------||
	|| {15}:  02775 => 02358 | 0066 | 0351 | 0000 ||
	||-------------------------------------------------------------------------------------------------------------------------------||
	|| {16}: [Value:  0.000603; Vertex:  0.028004 | 0.051856 | 0.032173 | 0.065459 | 0.030236 | 0.040838 | 0.056777 | 0.063864 | 0.023466 | 0.037382 | 0.071767 | 0.079300 | 0.078560 | 0.033088 | 0.043365 | 0.049529 | 0.078466 | 0.053427 | 0.006561 | 0.076403 | 0.040778 | 0.088236 | 0.072137 | 0.081165 | 0.066074 | 0.053094 | 0.073207 | 0.050416 | 0.033520 | 0.033471] ||
	|| {16}: Cumulative Yield Vertex:    0.028004 | 0.039912 | 0.037331 | 0.044322 | 0.041499 | 0.041388 | 0.043578 | 0.046101 | 0.043575 | 0.042954 | 0.045555 | 0.048344 | 0.050651 | 0.049389 | 0.048987 | 0.049021 | 0.050740 | 0.050890 | 0.048534 | 0.049918 | 0.049482 | 0.051231 | 0.052135 | 0.053336 | 0.053843 | 0.053815 | 0.054529 | 0.054382 | 0.053660 | 0.052982 ||
	||-------------------------------------------------------------------------------------------------------------------------------||
	|| {16}:  02171 => 01797 | 0049 | 0325 | 0000 ||
	||-------------------------------------------------------------------------------------------------------------------------------||
	|| {17}: [Value:  0.000595; Vertex:  0.028034 | 0.052101 | 0.031604 | 0.066171 | 0.029807 | 0.039544 | 0.059601 | 0.058341 | 0.030564 | 0.054279 | 0.048575 | 0.078281 | 0.100871 | 0.020439 | 0.029913 | 0.069269 | 0.043208 | 0.070274 | 0.017967 | 0.067109 | 0.102977 | 0.020739 | 0.079931 | 0.090026 | 0.072023 | 0.053789 | 0.032160 | 0.045121 | 0.046370 | 0.062893] ||
	|| {17}: Cumulative Yield Vertex:    0.028034 | 0.040049 | 0.037232 | 0.044424 | 0.041494 | 0.041168 | 0.043789 | 0.045601 | 0.043926 | 0.044961 | 0.045289 | 0.048016 | 0.052032 | 0.049754 | 0.048427 | 0.049722 | 0.049339 | 0.050499 | 0.048775 | 0.049687 | 0.052192 | 0.050749 | 0.052008 | 0.053577 | 0.054311 | 0.054291 | 0.053468 | 0.053169 | 0.052935 | 0.053267 ||
	||-------------------------------------------------------------------------------------------------------------------------------||
	|| {17}:  01493 => 01158 | 0022 | 0313 | 0000 ||
	||-------------------------------------------------------------------------------------------------------------------------------||
	|| {18}: [Value:  0.000603; Vertex:  0.028038 | 0.051910 | 0.032045 | 0.065790 | 0.029841 | 0.038742 | 0.061710 | 0.057870 | 0.023188 | 0.058814 | 0.052632 | 0.076866 | 0.089658 | 0.027306 | 0.039177 | 0.069375 | 0.043153 | 0.040028 | 0.062347 | 0.051092 | 0.050772 | 0.065770 | 0.103936 | 0.053268 | 0.071268 | 0.058569 | 0.067147 | 0.074715 | 0.030162 | 0.034662] ||
	|| {18}: Cumulative Yield Vertex:    0.028038 | 0.039955 | 0.037318 | 0.044394 | 0.041477 | 0.041020 | 0.043960 | 0.045693 | 0.043181 | 0.044742 | 0.045458 | 0.048055 | 0.051224 | 0.049503 | 0.048813 | 0.050091 | 0.049683 | 0.049144 | 0.049837 | 0.049899 | 0.049941 | 0.050659 | 0.052946 | 0.052959 | 0.053688 | 0.053876 | 0.054365 | 0.055088 | 0.054224 | 0.053568 ||
	||-------------------------------------------------------------------------------------------------------------------------------||
	|| {18}:  02119 => 01744 | 0042 | 0333 | 0000 ||
	||-------------------------------------------------------------------------------------------------------------------------------||
	|| {19}: [Value:  0.000596; Vertex:  0.027885 | 0.052480 | 0.031073 | 0.067111 | 0.027984 | 0.045159 | 0.052054 | 0.060718 | 0.036848 | 0.038596 | 0.058678 | 0.088162 | 0.084229 | 0.021051 | 0.049520 | 0.028519 | 0.109789 | 0.016649 | 0.034344 | 0.072271 | 0.102040 | 0.007280 | 0.077596 | 0.109769 | 0.090412 |-0.000941 | 0.029669 | 0.106148 | 0.008813 | 0.052421] ||
	|| {19}: Cumulative Yield Vertex:    0.027885 | 0.040162 | 0.037131 | 0.044580 | 0.041251 | 0.041903 | 0.043349 | 0.045511 | 0.044547 | 0.043950 | 0.045284 | 0.048820 | 0.051521 | 0.049325 | 0.049338 | 0.048032 | 0.051612 | 0.049649 | 0.048842 | 0.050006 | 0.052453 | 0.050373 | 0.051549 | 0.053941 | 0.055386 | 0.053186 | 0.052311 | 0.054209 | 0.052627 | 0.052620 ||
	||-------------------------------------------------------------------------------------------------------------------------------||
	|| {19}:  03266 => 02785 | 0090 | 0391 | 0000 ||
	||-------------------------------------------------------------------------------------------------------------------------------||

	|-----------------------------------------------------------------|
	|    Copyright (C) 2011-2026 (DRIP, DROP)
	|-----------------------------------------------------------------|
	|    Build Version  => 8.01.0 multi
	|    Build JVM (TM) => 15.0.1+9-18 mixed mode, sharing
	|    Build Snap     => Sat Sep 26 23:09:04 EST 2026
	|    Start Time     => Fri Oct 02 10:17:31 EDT 2026
	|    Setup Time     => Fri Oct 02 10:17:32 EDT 2026
	|    Finish Time    => Fri Oct 02 10:23:19 EDT 2026
	|    Setup Duration => 1 s 43 ms
	|    Run Duration   => 5 m 46 s 396 ms
	|-----------------------------------------------------------------|

