
	|-----------------------------------------------------------------|
	|    Copyright (C) 2011-2026 (DRIP, DROP)
	|-----------------------------------------------------------------|
	|    Build Version  => 8.01.0 multi
	|    Build JVM (TM) => 15.0.1+9-18 mixed mode, sharing
	|    Build Snap     => Sat Sep 26 23:09:04 EST 2026
	|    Start Time     => Fri Oct 02 18:28:29 EDT 2026
	|    Setup Time     => Fri Oct 02 18:28:30 EDT 2026
	|    Setup Duration => 860 ms
	|-----------------------------------------------------------------|

	||--------------------------------------------------||
	|| Multi-Bond Curve Calibrator => Multi-Bond Least-squares Function: {25-SEP-2026, USD, UST, 1} {Pillar Dates: 25-SEP-2027, 25-SEP-2028, 25-SEP-2029, 25-SEP-2030, 25-SEP-2031, 25-SEP-2032, 25-SEP-2033, 25-SEP-2034, 25-SEP-2035, 25-SEP-2036, 25-SEP-2037, 25-SEP-2038, 25-SEP-2039, 25-SEP-2040, 25-SEP-2041, 25-SEP-2042, 25-SEP-2043, 25-SEP-2044, 25-SEP-2045, 25-SEP-2046, 25-SEP-2047, 25-SEP-2048, 25-SEP-2049, 25-SEP-2050, 25-SEP-2051, 25-SEP-2052, 25-SEP-2053, 25-SEP-2054, 25-SEP-2055, 25-SEP-2056, };
Calibration Components:
	[1 4.00 15-FEB-2029] => 099.908 | 01.00]
	[2 5.00 01-AUG-2029] => 102.160 | 01.00]
	[3 5.00 15-OCT-2029] => 103.519 | 01.00]
	[4 5.00 15-FEB-2030] => 102.500 | 01.00]
	[5 5.00 15-FEB-2029] => 103.139 | 01.00]
	[6 4.00 01-MAR-2029] => 100.997 | 01.00]
	[7 5.00 01-DEC-2029] => 103.406 | 01.00]
	[8 4.00 01-NOV-2029] => 102.299 | 01.00]
	[9 5.00 15-FEB-2030] => 102.717 | 01.00]
	[10 5.00 01-OCT-2028] => 102.911 | 01.00]
	[11 5.00 01-DEC-2028] => 101.912 | 01.00]
	[12 5.00 15-FEB-2029] => 102.520 | 01.00]
	[13 5.00 01-DEC-2028] => 102.300 | 01.00]
	[14 5.00 01-DEC-2029] => 101.390 | 01.00]
	[15 5.25 01-FEB-2028] => 101.685 | 01.00]
	[16 4.00 01-SEP-2027] => 101.458 | 01.00]
	[17 5.00 01-OCT-2029] => 104.180 | 01.00]
	[18 5.00 01-SEP-2028] => 102.138 | 01.00]
	[19 5.00 01-OCT-2028] => 101.613 | 01.00]
	[20 5.00 15-FEB-2028] => 101.566 | 01.00]
	[21 4.00 15-FEB-2029] => 099.308 | 01.00]
	[22 5.00 01-AUG-2029] => 102.160 | 01.00]
	[23 5.00 01-DEC-2031] => 102.393 | 01.00]
	[24 5.00 15-JUL-2030] => 101.789 | 01.00]
	[25 5.00 15-OCT-2029] => 103.519 | 01.00]
	[26 5.00 15-JUN-2031] => 102.508 | 01.00]
	[27 5.00 15-FEB-2030] => 102.500 | 01.00]
	[28 5.00 01-DEC-2031] => 104.367 | 01.00]
	[29 5.00 15-SEP-2031] => 103.830 | 01.00]
	[30 5.00 01-DEC-2031] => 104.428 | 01.00]
	[31 5.00 15-FEB-2029] => 103.139 | 01.00]
	[32 4.00 15-FEB-2031] => 100.930 | 01.00]
	[33 5.00 15-FEB-2031] => 102.911 | 01.00]
	[34 4.00 01-MAR-2029] => 100.997 | 01.00]
	[35 5.00 01-DEC-2029] => 103.406 | 01.00]
	[36 5.00 15-AUG-2031] => 104.846 | 01.00]
	[37 5.00 01-AUG-2031] => 102.660 | 01.00]
	[38 4.00 01-NOV-2029] => 102.299 | 01.00]
	[39 5.00 15-FEB-2030] => 102.717 | 01.00]
	[40 5.00 15-NOV-2030] => 101.733 | 01.00]
	[41 5.00 15-FEB-2033] => 104.480 | 01.00]
	[42 5.00 01-DEC-2031] => 102.393 | 01.00]
	[43 5.00 01-SEP-2033] => 106.315 | 01.00]
	[44 5.00 15-JUL-2030] => 101.789 | 01.00]
	[45 5.00 01-AUG-2033] => 106.279 | 01.00]
	[46 3.00 01-AUG-2033] => 091.858 | 01.00]
	[47 5.00 15-FEB-2033] => 104.370 | 01.00]
	[48 5.00 15-JUN-2031] => 102.508 | 01.00]
	[49 4.00 01-DEC-2033] => 096.755 | 01.00]
	[50 5.00 01-DEC-2031] => 104.367 | 01.00]
	[51 5.00 15-SEP-2031] => 103.830 | 01.00]
	[52 5.00 01-DEC-2031] => 104.428 | 01.00]
	[53 3.00 01-AUG-2033] => 090.860 | 01.00]
	[54 5.00 01-AUG-2032] => 104.339 | 01.00]
	[55 5.00 01-JUN-2032] => 104.219 | 01.00]
	[56 4.00 01-DEC-2033] => 097.556 | 01.00]
	[57 4.00 15-FEB-2031] => 100.930 | 01.00]
	[58 5.00 01-DEC-2033] => 100.840 | 01.00]
	[59 5.00 01-AUG-2032] => 104.178 | 01.00]
	[60 5.00 01-MAR-2032] => 104.380 | 01.00]
	[61 5.00 01-FEB-2038] => 101.599 | 01.00]
	[62 5.00 01-APR-2034] => 101.605 | 01.00]
	[63 5.00 01-DEC-2034] => 102.507 | 01.00]
	[64 5.00 15-FEB-2037] => 101.913 | 01.00]
	[65 5.00 01-FEB-2035] => 102.910 | 01.00]
	[66 5.00 15-FEB-2035] => 104.250 | 01.00]
	[67 4.00 15-AUG-2037] => 099.777 | 01.00]
	[68 4.00 15-AUG-2037] => 099.777 | 01.00]
	[69 5.00 01-MAR-2035] => 104.901 | 01.00]
	[70 5.00 01-FEB-2035] => 102.229 | 01.00]
	[71 5.00 15-FEB-2035] => 104.000 | 01.00]
	[72 5.00 01-JUN-2035] => 104.793 | 01.00]
	[73 5.00 01-AUG-2037] => 103.608 | 01.00]
	[74 5.00 01-JUL-2037] => 104.596 | 01.00]
	[75 5.00 01-FEB-2035] => 104.502 | 01.00]
	[76 4.00 15-FEB-2038] => 094.301 | 01.00]
	[77 5.00 01-OCT-2037] => 103.848 | 01.00]
	[78 5.00 01-AUG-2037] => 101.030 | 01.00]
	[79 5.00 01-AUG-2034] => 103.580 | 01.00]
	[80 5.00 15-AUG-2038] => 101.825 | 01.00]
	[81 5.00 01-FEB-2038] => 101.599 | 01.00]
	[82 4.00 15-AUG-2037] => 099.777 | 01.00]
	[83 5.00 01-JUL-2040] => 099.500 | 01.00]
	[84 5.00 15-FEB-2042] => 100.098 | 01.00]
	[85 5.00 01-JUL-2040] => 102.153 | 01.00]
	[86 5.00 01-AUG-2037] => 103.608 | 01.00]
	[87 5.00 01-JUL-2037] => 104.596 | 01.00]
	[88 4.00 01-DEC-2039] => 085.921 | 01.00]
	[89 5.00 15-JUN-2041] => 100.404 | 01.00]
	[90 4.00 15-FEB-2038] => 094.301 | 01.00]
	[91 5.00 01-OCT-2037] => 103.848 | 01.00]
	[92 5.00 01-AUG-2037] => 101.030 | 01.00]
	[93 5.00 15-AUG-2038] => 101.825 | 01.00]
	[94 4.00 01-DEC-2037] => 091.511 | 01.00]
	[95 5.00 01-DEC-2039] => 100.105 | 01.00]
	[96 5.00 01-DEC-2041] => 100.679 | 01.00]
	[97 5.00 15-FEB-2042] => 101.206 | 01.00]
	[98 5.00 15-FEB-2041] => 101.307 | 01.00]
	[99 5.00 01-OCT-2038] => 103.807 | 01.00]
	[100 5.00 15-DEC-2041] => 102.546 | 01.00]
	[101 4.00 01-FEB-2043] => 087.590 | 01.00]
	[102 5.00 01-JUL-2040] => 099.500 | 01.00]
	[103 5.00 15-FEB-2042] => 100.098 | 01.00]
	[104 5.00 01-JUL-2040] => 102.153 | 01.00]
	[105 4.00 15-FEB-2044] => 086.216 | 01.00]
	[106 5.00 15-JUN-2041] => 100.404 | 01.00]
	[107 3.12 15-AUG-2044] => 074.209 | 01.00]
	[108 5.25 15-JUN-2044] => 103.386 | 01.00]
	[109 4.00 01-OCT-2044] => 090.202 | 01.00]
	[110 5.00 01-DEC-2041] => 100.679 | 01.00]
	[111 5.00 01-AUG-2042] => 101.398 | 01.00]
	[112 5.00 15-FEB-2042] => 101.206 | 01.00]
	[113 5.00 15-FEB-2041] => 101.307 | 01.00]
	[114 5.00 15-DEC-2041] => 102.546 | 01.00]
	[115 5.00 01-APR-2043] => 098.596 | 01.00]
	[116 4.00 01-AUG-2043] => 091.366 | 01.00]
	[117 5.25 01-DEC-2040] => 103.561 | 01.00]
	[118 4.00 01-AUG-2041] => 089.275 | 01.00]
	[119 5.00 01-AUG-2044] => 100.962 | 01.00]
	[120 4.00 01-AUG-2046] => 086.847 | 01.00]
	[121 5.00 15-FEB-2048] => 099.994 | 01.00]
	[122 4.00 15-JUN-2049] => 080.650 | 01.00]
	[123 4.00 01-AUG-2046] => 086.847 | 01.00]
	[124 4.00 01-APR-2045] => 084.923 | 01.00]
	[125 4.00 01-AUG-2047] => 082.634 | 01.00]
	[126 4.00 01-JUN-2047] => 085.130 | 01.00]
	[127 5.00 01-APR-2048] => 100.144 | 01.00]
	[128 5.00 01-SEP-2045] => 102.435 | 01.00]
	[129 5.00 01-OCT-2048] => 100.701 | 01.00]
	[130 4.00 01-OCT-2045] => 090.679 | 01.00]
	[131 5.00 15-SEP-2045] => 099.835 | 01.00]
	[132 5.00 01-FEB-2046] => 102.589 | 01.00]
	[133 4.00 01-FEB-2047] => 084.149 | 01.00]
	[134 5.00 01-FEB-2052] => 093.173 | 01.00]
	[135 4.62 15-JUN-2045] => 100.419 | 01.00]
	[136 5.00 01-JUL-2045] => 100.733 | 01.00]
	[137 5.00 15-FEB-2049] => 102.120 | 01.00]
	[138 5.00 15-AUG-2049] => 098.927 | 01.00]
	[139 5.00 15-SEP-2048] => 099.268 | 01.00]
	[140 5.25 15-FEB-2049] => 105.177 | 01.00]
	[141 5.00 15-MAR-2050] => 096.043 | 01.00]
	[142 5.25 15-MAR-2050] => 094.408 | 01.00]
	[143 5.00 15-JUN-2050] => 095.368 | 01.00]
	[144 5.00 01-DEC-2055] => 093.455 | 01.00]
	[145 5.00 15-FEB-2051] => 094.711 | 01.00]
	[146 5.00 15-FEB-2051] => 098.621 | 01.00]
	[147 4.25 01-FEB-2054] => 080.086 | 01.00]
	[148 5.25 01-FEB-2053] => 096.535 | 01.00]
	[149 5.00 01-AUG-2052] => 095.798 | 01.00]
	[150 5.25 01-DEC-2054] => 094.668 | 01.00]
	[151 4.50 15-MAY-2052] => 084.838 | 01.00]
	[152 5.00 01-JUN-2055] => 094.722 | 01.00]
	[153 5.25 01-AUG-2050] => 100.836 | 01.00]
	[154 5.25 15-JUN-2055] => 097.958 | 01.00]
	[155 5.00 01-DEC-2052] => 100.367 | 01.00]
	[156 4.50 15-AUG-2050] => 088.758 | 01.00]
	[157 4.25 01-AUG-2052] => 084.874 | 01.00]
	[158 4.00 01-JUN-2051] => 076.770 | 01.00]
	[159 5.00 15-MAR-2055] => 094.590 | 01.00]
	[160 5.00 01-JAN-2056] => 103.206 | 01.00]
	||  {Vertex Count => 80 | Lower Search Bound => 0.01 | Upper Search Bound => 0.09 | Incorporate Centroid => false | Tolerance => 1.e-8}
	||--------------------------------------------------||

	||-------------------------------------------------------------------------------------------------------------------------------||
	|| {0}: [Value:  0.000579; Vertex:  0.028063 | 0.052010 | 0.031636 | 0.066573 | 0.028756 | 0.042504 | 0.054674 | 0.073359 |-0.006617 | 0.103961 | 0.021566 | 0.085689 | 0.105951 |-0.001396 | 0.046449 | 0.078746 | 0.041927 | 0.060295 |-0.003285 | 0.142979 | 0.031575 | 0.010746 | 0.103064 | 0.112033 | 0.057145 | 0.037841 | 0.071608 | 0.039927 | 0.034607 | 0.035524] ||
	|| {0}: Cumulative Yield Vertex:    0.028063 | 0.040018 | 0.037223 | 0.044516 | 0.041356 | 0.041547 | 0.043416 | 0.047133 | 0.041093 | 0.047306 | 0.044955 | 0.048316 | 0.052690 | 0.048771 | 0.048617 | 0.050485 | 0.049981 | 0.050554 | 0.047687 | 0.052346 | 0.051353 | 0.049486 | 0.051785 | 0.054259 | 0.054374 | 0.053734 | 0.054393 | 0.053875 | 0.053208 | 0.052615 ||
	||-------------------------------------------------------------------------------------------------------------------------------||
	|| {0}:  09847 => 08820 | 0154 | 0873 | 0000 ||
	||-------------------------------------------------------------------------------------------------------------------------------||
	|| {1}: [Value:  0.000578; Vertex:  0.028055 | 0.052029 | 0.031595 | 0.066756 | 0.028573 | 0.042473 | 0.054160 | 0.076637 |-0.013955 | 0.116169 | 0.013803 | 0.086780 | 0.107853 |-0.007645 | 0.057290 | 0.063907 | 0.044888 | 0.069100 |-0.001407 | 0.121676 | 0.049687 | 0.011336 | 0.097282 | 0.125802 | 0.047537 | 0.022672 | 0.091103 | 0.043270 | 0.009909 | 0.093071] ||
	|| {1}: Cumulative Yield Vertex:    0.028055 | 0.040023 | 0.037212 | 0.044553 | 0.041349 | 0.041537 | 0.043334 | 0.047465 | 0.040552 | 0.048004 | 0.044874 | 0.048331 | 0.052847 | 0.048457 | 0.049044 | 0.049969 | 0.049670 | 0.050747 | 0.047970 | 0.051592 | 0.051501 | 0.049654 | 0.051701 | 0.054734 | 0.054446 | 0.053212 | 0.054602 | 0.054197 | 0.052655 | 0.053992 ||
	||-------------------------------------------------------------------------------------------------------------------------------||
	|| {1}:  10495 => 09342 | 0214 | 0939 | 0000 ||
	||-------------------------------------------------------------------------------------------------------------------------------||
	|| {2}: [Value:  0.000578; Vertex:  0.028048 | 0.052026 | 0.031581 | 0.066888 | 0.028254 | 0.043281 | 0.053325 | 0.078328 |-0.017569 | 0.109214 | 0.024190 | 0.085302 | 0.111693 |-0.017370 | 0.074870 | 0.023152 | 0.107811 | 0.032683 | 0.008367 | 0.090989 | 0.090807 |-0.007483 | 0.106045 | 0.098024 | 0.081165 | 0.030230 | 0.074486 | 0.024062 | 0.027168 | 0.007781] ||
	|| {2}: Cumulative Yield Vertex:    0.028048 | 0.040018 | 0.037204 | 0.044580 | 0.041306 | 0.041636 | 0.043300 | 0.047643 | 0.040297 | 0.047099 | 0.045008 | 0.048333 | 0.053136 | 0.048008 | 0.049786 | 0.048112 | 0.051575 | 0.050518 | 0.048280 | 0.050393 | 0.052298 | 0.049537 | 0.051960 | 0.053858 | 0.054943 | 0.053985 | 0.054740 | 0.053637 | 0.052719 | 0.051202 ||
	||-------------------------------------------------------------------------------------------------------------------------------||
	|| {2}:  07980 => 06948 | 0153 | 0879 | 0000 ||
	||-------------------------------------------------------------------------------------------------------------------------------||
	|| {3}: [Value:  0.000572; Vertex:  0.028092 | 0.051980 | 0.031567 | 0.066942 | 0.028150 | 0.043607 | 0.053007 | 0.078481 |-0.018469 | 0.114133 | 0.019478 | 0.086841 | 0.108072 |-0.008933 | 0.059501 | 0.057503 | 0.046659 | 0.078085 |-0.007981 | 0.115367 | 0.078309 |-0.029959 | 0.146673 | 0.072414 | 0.072894 | 0.033799 | 0.070872 | 0.094283 |-0.033728 |-0.055838] ||
	|| {3}: Cumulative Yield Vertex:    0.028092 | 0.040018 | 0.037200 | 0.044590 | 0.041293 | 0.041679 | 0.043292 | 0.047655 | 0.040205 | 0.047494 | 0.044933 | 0.048390 | 0.052918 | 0.048428 | 0.049164 | 0.049684 | 0.049506 | 0.051086 | 0.047937 | 0.051254 | 0.052534 | 0.048703 | 0.052865 | 0.053675 | 0.054440 | 0.053640 | 0.054276 | 0.055690 | 0.052542 | 0.048827 ||
	||-------------------------------------------------------------------------------------------------------------------------------||
	|| {3}:  14854 => 13532 | 0296 | 1026 | 0000 ||
	||-------------------------------------------------------------------------------------------------------------------------------||
	|| {4}: [Value:  0.000573; Vertex:  0.028026 | 0.052080 | 0.031545 | 0.066726 | 0.028391 | 0.043569 | 0.052571 | 0.080453 |-0.020599 | 0.127743 | 0.004524 | 0.091978 | 0.097757 | 0.002883 | 0.055182 | 0.052491 | 0.066080 | 0.052465 | 0.007631 | 0.104412 | 0.092185 |-0.032056 | 0.127739 | 0.080859 | 0.123566 |-0.036218 | 0.138952 | 0.035834 |-0.028344 | 0.139452] ||
	|| {4}: Cumulative Yield Vertex:    0.028026 | 0.040034 | 0.037203 | 0.044539 | 0.041301 | 0.041679 | 0.043231 | 0.047844 | 0.040128 | 0.048741 | 0.044685 | 0.048582 | 0.052321 | 0.048743 | 0.049171 | 0.049378 | 0.050356 | 0.050474 | 0.048198 | 0.050971 | 0.052913 | 0.048965 | 0.052326 | 0.053506 | 0.056262 | 0.052618 | 0.055751 | 0.055037 | 0.052105 | 0.054964 ||
	||-------------------------------------------------------------------------------------------------------------------------------||
	|| {4}:  16672 => 15240 | 0345 | 1087 | 0000 ||
	||-------------------------------------------------------------------------------------------------------------------------------||
	|| {5}: [Value:  0.000575; Vertex:  0.028057 | 0.052010 | 0.031609 | 0.066899 | 0.028258 | 0.043136 | 0.053672 | 0.076385 |-0.012052 | 0.096901 | 0.033162 | 0.083112 | 0.108840 |-0.006179 | 0.054319 | 0.066493 | 0.036890 | 0.079166 |-0.004713 | 0.137791 | 0.039015 |-0.014984 | 0.156794 | 0.042540 | 0.136684 |-0.008338 | 0.089385 | 0.025454 | 0.032889 | 0.018508] ||
	|| {5}: Cumulative Yield Vertex:    0.028057 | 0.040015 | 0.037212 | 0.044588 | 0.041313 | 0.041618 | 0.043334 | 0.047434 | 0.040741 | 0.046299 | 0.045103 | 0.048241 | 0.052837 | 0.048556 | 0.048940 | 0.050032 | 0.049257 | 0.050910 | 0.047947 | 0.052345 | 0.051708 | 0.048623 | 0.053208 | 0.052762 | 0.056053 | 0.053533 | 0.054849 | 0.053793 | 0.053069 | 0.051905 ||
	||-------------------------------------------------------------------------------------------------------------------------------||
	|| {5}:  10770 => 09654 | 0198 | 0918 | 0000 ||
	||-------------------------------------------------------------------------------------------------------------------------------||
	|| {6}: [Value:  0.000576; Vertex:  0.028036 | 0.052020 | 0.031544 | 0.067217 | 0.027930 | 0.043294 | 0.053531 | 0.079014 |-0.019936 | 0.105670 | 0.029512 | 0.084703 | 0.111520 |-0.011199 | 0.062656 | 0.043214 | 0.075093 | 0.046287 | 0.009100 | 0.124505 | 0.058454 |-0.004057 | 0.108427 | 0.078468 | 0.081656 | 0.049952 | 0.078387 | 0.050933 |-0.021850 | 0.114517] ||
	|| {6}: Cumulative Yield Vertex:    0.028036 | 0.040009 | 0.037186 | 0.044648 | 0.041295 | 0.041629 | 0.043323 | 0.047748 | 0.040119 | 0.046594 | 0.045036 | 0.048311 | 0.053102 | 0.048432 | 0.049376 | 0.048991 | 0.050516 | 0.050281 | 0.048094 | 0.051846 | 0.052160 | 0.049565 | 0.052088 | 0.053180 | 0.054311 | 0.054142 | 0.055035 | 0.054888 | 0.052195 | 0.054247 ||
	||-------------------------------------------------------------------------------------------------------------------------------||
	|| {6}:  11084 => 09959 | 0192 | 0933 | 0000 ||
	||-------------------------------------------------------------------------------------------------------------------------------||
	|| {7}: [Value:  0.000573; Vertex:  0.028030 | 0.052047 | 0.031595 | 0.066800 | 0.028494 | 0.042418 | 0.054556 | 0.076733 |-0.014701 | 0.126341 | 0.002464 | 0.090301 | 0.110878 |-0.013810 | 0.060707 | 0.055017 | 0.076017 | 0.025638 | 0.030366 | 0.093921 | 0.091054 |-0.024606 | 0.124739 | 0.085566 | 0.103631 |-0.020482 | 0.090799 | 0.097638 |-0.040891 | 0.048735] ||
	|| {7}: Cumulative Yield Vertex:    0.028030 | 0.040019 | 0.037210 | 0.044562 | 0.041340 | 0.041520 | 0.043376 | 0.047513 | 0.040509 | 0.048950 | 0.044683 | 0.048444 | 0.053177 | 0.048309 | 0.049133 | 0.049500 | 0.051049 | 0.049626 | 0.048609 | 0.050849 | 0.052745 | 0.049157 | 0.052384 | 0.053755 | 0.055726 | 0.052736 | 0.054132 | 0.055669 | 0.052264 | 0.052146 ||
	||-------------------------------------------------------------------------------------------------------------------------------||
	|| {7}:  12868 => 11606 | 0270 | 0992 | 0000 ||
	||-------------------------------------------------------------------------------------------------------------------------------||
	|| {8}: [Value:  0.000574; Vertex:  0.028048 | 0.052026 | 0.031612 | 0.066673 | 0.028667 | 0.042488 | 0.054258 | 0.076840 |-0.014043 | 0.112865 | 0.017294 | 0.084070 | 0.110974 |-0.011828 | 0.072808 | 0.025786 | 0.096662 | 0.028058 | 0.018516 | 0.129960 | 0.035276 | 0.003559 | 0.119508 | 0.098147 | 0.120727 |-0.050339 | 0.093218 | 0.088186 |-0.020596 |-0.044158] ||
	|| {8}: Cumulative Yield Vertex:    0.028048 | 0.040018 | 0.037215 | 0.044535 | 0.041353 | 0.041542 | 0.043353 | 0.047506 | 0.040578 | 0.047708 | 0.044926 | 0.048158 | 0.052920 | 0.048217 | 0.049846 | 0.048335 | 0.051145 | 0.049853 | 0.048192 | 0.052202 | 0.051394 | 0.049191 | 0.052197 | 0.054090 | 0.056713 | 0.052480 | 0.053974 | 0.055185 | 0.052526 | 0.049221 ||
	||-------------------------------------------------------------------------------------------------------------------------------||
	|| {8}:  12989 => 11728 | 0263 | 0998 | 0000 ||
	||-------------------------------------------------------------------------------------------------------------------------------||
	|| {9}: [Value:  0.000578; Vertex:  0.028054 | 0.051955 | 0.031705 | 0.066759 | 0.028564 | 0.042467 | 0.054365 | 0.075248 |-0.010307 | 0.105838 | 0.022036 | 0.085468 | 0.112969 |-0.016691 | 0.067061 | 0.049835 | 0.073250 | 0.036693 | 0.016980 | 0.093533 | 0.109871 |-0.023142 | 0.088057 | 0.126540 | 0.042609 | 0.061176 | 0.048109 | 0.076136 |-0.031931 | 0.053295] ||
	|| {9}: Cumulative Yield Vertex:    0.028054 | 0.039986 | 0.037224 | 0.044563 | 0.041355 | 0.041541 | 0.043366 | 0.047322 | 0.040841 | 0.047262 | 0.044957 | 0.048301 | 0.053201 | 0.048118 | 0.049375 | 0.049403 | 0.050798 | 0.050010 | 0.048259 | 0.050498 | 0.053285 | 0.049741 | 0.051391 | 0.054466 | 0.053991 | 0.054268 | 0.054039 | 0.054824 | 0.051772 | 0.051822 ||
	||-------------------------------------------------------------------------------------------------------------------------------||
	|| {9}:  09653 => 08524 | 0196 | 0933 | 0000 ||
	||-------------------------------------------------------------------------------------------------------------------------------||
	|| {10}: [Value:  0.000573; Vertex:  0.028032 | 0.052070 | 0.031522 | 0.066956 | 0.028246 | 0.043477 | 0.052770 | 0.079245 |-0.018652 | 0.109609 | 0.024792 | 0.081700 | 0.115140 |-0.009885 | 0.052070 | 0.070061 | 0.039493 | 0.076111 |-0.002925 | 0.124375 | 0.041830 |-0.000246 | 0.131664 | 0.082053 | 0.072042 | 0.031639 | 0.084920 | 0.083326 |-0.037468 | 0.008022] ||
	|| {10}: Cumulative Yield Vertex:    0.028032 | 0.040032 | 0.037194 | 0.044589 | 0.041312 | 0.041673 | 0.043253 | 0.047715 | 0.040237 | 0.047083 | 0.045048 | 0.048076 | 0.053155 | 0.048578 | 0.048810 | 0.050131 | 0.049504 | 0.050976 | 0.048105 | 0.051850 | 0.051372 | 0.048993 | 0.052517 | 0.053739 | 0.054467 | 0.053583 | 0.054734 | 0.055748 | 0.052463 | 0.050963 ||
	||-------------------------------------------------------------------------------------------------------------------------------||
	|| {10}:  11048 => 09860 | 0228 | 0960 | 0000 ||
	||-------------------------------------------------------------------------------------------------------------------------------||
	|| {11}: [Value:  0.000574; Vertex:  0.028055 | 0.052021 | 0.031552 | 0.066979 | 0.028250 | 0.042844 | 0.054098 | 0.075725 |-0.010686 | 0.105167 | 0.022483 | 0.087422 | 0.100272 | 0.001400 | 0.050859 | 0.070107 | 0.048292 | 0.052358 | 0.016345 | 0.093757 | 0.099285 |-0.022192 | 0.097829 | 0.118552 | 0.052268 | 0.043925 | 0.130083 | 0.060082 |-0.093891 | 0.013915] ||
	|| {11}: Cumulative Yield Vertex:    0.028055 | 0.040019 | 0.037196 | 0.044596 | 0.041318 | 0.041573 | 0.043356 | 0.047372 | 0.040842 | 0.047197 | 0.044940 | 0.048444 | 0.052383 | 0.048691 | 0.048835 | 0.050158 | 0.050048 | 0.050176 | 0.048383 | 0.050627 | 0.052916 | 0.049434 | 0.051514 | 0.054262 | 0.054182 | 0.053786 | 0.056561 | 0.056686 | 0.051305 | 0.050045 ||
	||-------------------------------------------------------------------------------------------------------------------------------||
	|| {11}:  14008 => 12802 | 0237 | 0969 | 0000 ||
	||-------------------------------------------------------------------------------------------------------------------------------||
	|| {12}: [Value:  0.000575; Vertex:  0.028007 | 0.052094 | 0.031488 | 0.067116 | 0.028178 | 0.042487 | 0.054722 | 0.074611 |-0.008787 | 0.092703 | 0.035973 | 0.080832 | 0.124834 |-0.025850 | 0.063128 | 0.054961 | 0.073546 | 0.039752 | 0.013655 | 0.098846 | 0.091718 |-0.020575 | 0.104337 | 0.108589 | 0.060608 | 0.035444 | 0.057621 | 0.094043 |-0.008226 | 0.013735] ||
	|| {12}: Cumulative Yield Vertex:    0.028007 | 0.040031 | 0.037182 | 0.044619 | 0.041322 | 0.041517 | 0.043396 | 0.047270 | 0.040968 | 0.046093 | 0.045172 | 0.048118 | 0.053916 | 0.048102 | 0.049099 | 0.049465 | 0.050873 | 0.050252 | 0.048311 | 0.050807 | 0.052735 | 0.049338 | 0.051698 | 0.054036 | 0.054298 | 0.053568 | 0.053718 | 0.055144 | 0.052927 | 0.051606 ||
	||-------------------------------------------------------------------------------------------------------------------------------||
	|| {12}:  11273 => 10049 | 0241 | 0983 | 0000 ||
	||-------------------------------------------------------------------------------------------------------------------------------||
	|| {13}: [Value:  0.000578; Vertex:  0.027998 | 0.052115 | 0.031519 | 0.066852 | 0.028297 | 0.043496 | 0.053018 | 0.077076 |-0.013904 | 0.116281 | 0.013431 | 0.089378 | 0.094711 | 0.005669 | 0.058612 | 0.036757 | 0.098880 | 0.025762 | 0.012000 | 0.135156 | 0.040515 |-0.006741 | 0.133494 | 0.077593 | 0.088675 | 0.018002 | 0.052751 | 0.058166 | 0.047121 | 0.000376] ||
	|| {13}: Cumulative Yield Vertex:    0.027998 | 0.040038 | 0.037197 | 0.044566 | 0.041303 | 0.041669 | 0.043285 | 0.047476 | 0.040568 | 0.048030 | 0.044862 | 0.048533 | 0.052046 | 0.048692 | 0.049351 | 0.048562 | 0.051487 | 0.050046 | 0.048027 | 0.052295 | 0.051733 | 0.049033 | 0.052632 | 0.053665 | 0.055054 | 0.053613 | 0.053581 | 0.053745 | 0.053516 | 0.051719 ||
	||-------------------------------------------------------------------------------------------------------------------------------||
	|| {13}:  11159 => 09999 | 0213 | 0947 | 0000 ||
	||-------------------------------------------------------------------------------------------------------------------------------||
	|| {14}: [Value:  0.000575; Vertex:  0.028027 | 0.052069 | 0.031573 | 0.066911 | 0.028319 | 0.042789 | 0.054307 | 0.075773 |-0.012863 | 0.111320 | 0.018122 | 0.086856 | 0.109902 |-0.011671 | 0.060467 | 0.059186 | 0.044878 | 0.070462 | 0.003050 | 0.116806 | 0.078914 |-0.024478 | 0.118534 | 0.079087 | 0.091053 | 0.044842 | 0.060709 | 0.055173 |-0.006078 | 0.022107] ||
	|| {14}: Cumulative Yield Vertex:    0.028027 | 0.040029 | 0.037209 | 0.044589 | 0.041327 | 0.041571 | 0.043384 | 0.047402 | 0.040621 | 0.047596 | 0.044901 | 0.048363 | 0.053029 | 0.048329 | 0.049136 | 0.049762 | 0.049475 | 0.050637 | 0.048106 | 0.051486 | 0.052783 | 0.049199 | 0.052164 | 0.053278 | 0.054775 | 0.054391 | 0.054624 | 0.054644 | 0.052521 | 0.051498 ||
	||-------------------------------------------------------------------------------------------------------------------------------||
	|| {14}:  13063 => 11836 | 0249 | 0978 | 0000 ||
	||-------------------------------------------------------------------------------------------------------------------------------||
	|| {15}: [Value:  0.000573; Vertex:  0.028065 | 0.051981 | 0.031662 | 0.066808 | 0.028249 | 0.043480 | 0.052954 | 0.077860 |-0.014883 | 0.129004 |-0.001045 | 0.093654 | 0.097620 | 0.000521 | 0.055572 | 0.056314 | 0.064125 | 0.052898 | 0.005086 | 0.114562 | 0.051627 | 0.002515 | 0.131354 | 0.087852 | 0.080715 |-0.006511 | 0.160050 | 0.011506 |-0.017271 |-0.014006] ||
	|| {15}: Cumulative Yield Vertex:    0.028065 | 0.040004 | 0.037222 | 0.044573 | 0.041300 | 0.041664 | 0.043272 | 0.047560 | 0.040531 | 0.049227 | 0.044608 | 0.048648 | 0.052372 | 0.048617 | 0.049080 | 0.049531 | 0.050386 | 0.050525 | 0.048110 | 0.051380 | 0.051392 | 0.049140 | 0.052645 | 0.054099 | 0.055157 | 0.052745 | 0.056620 | 0.054993 | 0.052459 | 0.050204 ||
	||-------------------------------------------------------------------------------------------------------------------------------||
	|| {15}:  13765 => 12493 | 0272 | 1000 | 0000 ||
	||-------------------------------------------------------------------------------------------------------------------------------||
	|| {16}: [Value:  0.000574; Vertex:  0.028090 | 0.052002 | 0.031562 | 0.066784 | 0.028266 | 0.043871 | 0.052212 | 0.079222 |-0.017522 | 0.115516 | 0.016600 | 0.084953 | 0.111384 |-0.007997 | 0.057382 | 0.051489 | 0.072152 | 0.046992 | 0.009022 | 0.103673 | 0.098346 |-0.043970 | 0.130643 | 0.087281 | 0.071049 | 0.043250 | 0.047819 | 0.074647 | 0.040134 |-0.116467] ||
	|| {16}: Cumulative Yield Vertex:    0.028090 | 0.040027 | 0.037204 | 0.044554 | 0.041288 | 0.041719 | 0.043214 | 0.047677 | 0.040333 | 0.047743 | 0.044895 | 0.048201 | 0.052990 | 0.048564 | 0.049150 | 0.049296 | 0.050633 | 0.050430 | 0.048231 | 0.050966 | 0.053197 | 0.048668 | 0.052163 | 0.053614 | 0.054308 | 0.053880 | 0.053656 | 0.054401 | 0.053908 | 0.047976 ||
	||-------------------------------------------------------------------------------------------------------------------------------||
	|| {16}:  12500 => 11264 | 0245 | 0991 | 0000 ||
	||-------------------------------------------------------------------------------------------------------------------------------||
	|| {17}: [Value:  0.000576; Vertex:  0.028054 | 0.052019 | 0.031591 | 0.066913 | 0.028304 | 0.042689 | 0.054350 | 0.076599 |-0.014533 | 0.110381 | 0.020558 | 0.086028 | 0.106751 |-0.008044 | 0.058406 | 0.064246 | 0.049627 | 0.061583 | 0.005043 | 0.120002 | 0.057715 |-0.015158 | 0.121994 | 0.116725 | 0.023128 | 0.056559 | 0.070997 | 0.094660 |-0.029765 | 0.040863] ||
	|| {17}: Cumulative Yield Vertex:    0.028054 | 0.040017 | 0.037207 | 0.044588 | 0.041323 | 0.041551 | 0.043373 | 0.047494 | 0.040512 | 0.047407 | 0.044953 | 0.048343 | 0.052775 | 0.048361 | 0.049029 | 0.049976 | 0.049955 | 0.050601 | 0.048179 | 0.051709 | 0.051995 | 0.048888 | 0.052011 | 0.054666 | 0.053395 | 0.053517 | 0.054162 | 0.055593 | 0.052591 | 0.052198 ||
	||-------------------------------------------------------------------------------------------------------------------------------||
	|| {17}:  12260 => 11051 | 0238 | 0971 | 0000 ||
	||-------------------------------------------------------------------------------------------------------------------------------||
	|| {18}: [Value:  0.000568; Vertex:  0.028002 | 0.052074 | 0.031603 | 0.066856 | 0.028334 | 0.043291 | 0.053597 | 0.076618 |-0.013571 | 0.112265 | 0.017322 | 0.085617 | 0.106903 |-0.004040 | 0.057435 | 0.048638 | 0.070591 | 0.054975 | 0.001247 | 0.109891 | 0.089390 |-0.042982 | 0.166619 | 0.042626 | 0.143726 |-0.037920 | 0.117201 | 0.093448 |-0.063558 |-0.054762] ||
	|| {18}: Cumulative Yield Vertex:    0.028002 | 0.040019 | 0.037212 | 0.044578 | 0.041320 | 0.041649 | 0.043351 | 0.047477 | 0.040606 | 0.047675 | 0.044899 | 0.048259 | 0.052709 | 0.048594 | 0.049182 | 0.049148 | 0.050402 | 0.050657 | 0.048028 | 0.051076 | 0.052883 | 0.048416 | 0.053415 | 0.052965 | 0.056518 | 0.052796 | 0.055144 | 0.056499 | 0.052241 | 0.048573 ||
	||-------------------------------------------------------------------------------------------------------------------------------||
	|| {18}:  14705 => 13416 | 0283 | 1006 | 0000 ||
	||-------------------------------------------------------------------------------------------------------------------------------||
	|| {19}: [Value:  0.000579; Vertex:  0.028054 | 0.051997 | 0.031672 | 0.066505 | 0.028786 | 0.042347 | 0.055068 | 0.074264 |-0.009041 | 0.094321 | 0.034021 | 0.082075 | 0.123756 |-0.029483 | 0.078043 | 0.023071 | 0.111305 | 0.020120 | 0.015864 | 0.111989 | 0.072740 |-0.000930 | 0.083648 | 0.115736 | 0.055030 | 0.045400 | 0.059171 | 0.069650 | 0.021514 |-0.004350] ||
	|| {19}: Cumulative Yield Vertex:    0.028054 | 0.040006 | 0.037227 | 0.044502 | 0.041351 | 0.041517 | 0.043446 | 0.047271 | 0.040940 | 0.046226 | 0.045114 | 0.048167 | 0.053881 | 0.047800 | 0.049801 | 0.048121 | 0.051782 | 0.050007 | 0.048197 | 0.051338 | 0.052351 | 0.049894 | 0.051349 | 0.053991 | 0.054032 | 0.053699 | 0.053901 | 0.054461 | 0.053317 | 0.051364 ||
	||-------------------------------------------------------------------------------------------------------------------------------||
	|| {19}:  09565 => 08519 | 0159 | 0887 | 0000 ||
	||-------------------------------------------------------------------------------------------------------------------------------||

	|-----------------------------------------------------------------|
	|    Copyright (C) 2011-2026 (DRIP, DROP)
	|-----------------------------------------------------------------|
	|    Build Version  => 8.01.0 multi
	|    Build JVM (TM) => 15.0.1+9-18 mixed mode, sharing
	|    Build Snap     => Sat Sep 26 23:09:04 EST 2026
	|    Start Time     => Fri Oct 02 18:28:29 EDT 2026
	|    Setup Time     => Fri Oct 02 18:28:30 EDT 2026
	|    Finish Time    => Fri Oct 02 19:04:15 EDT 2026
	|    Setup Duration => 860 ms
	|    Run Duration   => 35 m 45 s 475 ms
	|-----------------------------------------------------------------|

