
	|-----------------------------------------------------------------|
	|    Copyright (C) 2011-2026 (DRIP, DROP)
	|-----------------------------------------------------------------|
	|    Build Version  => 8.01.0 multi
	|    Build JVM (TM) => 15.0.1+9-18 mixed mode, sharing
	|    Build Snap     => Sat Sep 26 23:09:04 EST 2026
	|    Start Time     => Fri Oct 02 11:18:34 EDT 2026
	|    Setup Time     => Fri Oct 02 11:18:35 EDT 2026
	|    Setup Duration => 790 ms
	|-----------------------------------------------------------------|

	||--------------------------------------------------||
	|| Multi-Bond Curve Calibrator => Multi-Bond Least-squares Function: {25-SEP-2026, USD, UST, 2} {Pillar Dates: 25-SEP-2027, 25-SEP-2028, 25-SEP-2029, 25-SEP-2030, 25-SEP-2031, 25-SEP-2032, 25-SEP-2033, 25-SEP-2034, 25-SEP-2035, 25-SEP-2036, 25-SEP-2037, 25-SEP-2038, 25-SEP-2039, 25-SEP-2040, 25-SEP-2041, 25-SEP-2042, 25-SEP-2043, 25-SEP-2044, 25-SEP-2045, 25-SEP-2046, 25-SEP-2047, 25-SEP-2048, 25-SEP-2049, 25-SEP-2050, 25-SEP-2051, 25-SEP-2052, 25-SEP-2053, 25-SEP-2054, 25-SEP-2055, 25-SEP-2056, };
Calibration Components:
	[1 4.00 15-FEB-2029] => 099.908 | 01.00]
	[2 5.00 01-AUG-2029] => 102.160 | 01.00]
	[3 5.00 15-OCT-2029] => 103.519 | 01.00]
	[4 5.00 15-FEB-2030] => 102.500 | 01.00]
	[5 5.00 15-FEB-2029] => 103.139 | 01.00]
	[6 4.00 01-MAR-2029] => 100.997 | 01.00]
	[7 5.00 01-DEC-2029] => 103.406 | 01.00]
	[8 4.00 01-NOV-2029] => 102.299 | 01.00]
	[9 5.00 15-FEB-2030] => 102.717 | 01.00]
	[10 5.00 01-OCT-2028] => 102.911 | 01.00]
	[11 5.00 01-DEC-2028] => 101.912 | 01.00]
	[12 5.00 15-FEB-2029] => 102.520 | 01.00]
	[13 5.00 01-DEC-2028] => 102.300 | 01.00]
	[14 5.00 01-DEC-2029] => 101.390 | 01.00]
	[15 5.25 01-FEB-2028] => 101.685 | 01.00]
	[16 4.00 01-SEP-2027] => 101.458 | 01.00]
	[17 5.00 01-OCT-2029] => 104.180 | 01.00]
	[18 5.00 01-SEP-2028] => 102.138 | 01.00]
	[19 5.00 01-OCT-2028] => 101.613 | 01.00]
	[20 5.00 15-FEB-2028] => 101.566 | 01.00]
	[21 4.00 15-FEB-2029] => 099.308 | 01.00]
	[22 5.00 01-AUG-2029] => 102.160 | 01.00]
	[23 5.00 01-DEC-2031] => 102.393 | 01.00]
	[24 5.00 15-JUL-2030] => 101.789 | 01.00]
	[25 5.00 15-OCT-2029] => 103.519 | 01.00]
	[26 5.00 15-JUN-2031] => 102.508 | 01.00]
	[27 5.00 15-FEB-2030] => 102.500 | 01.00]
	[28 5.00 01-DEC-2031] => 104.367 | 01.00]
	[29 5.00 15-SEP-2031] => 103.830 | 01.00]
	[30 5.00 01-DEC-2031] => 104.428 | 01.00]
	[31 5.00 15-FEB-2029] => 103.139 | 01.00]
	[32 4.00 15-FEB-2031] => 100.930 | 01.00]
	[33 5.00 15-FEB-2031] => 102.911 | 01.00]
	[34 4.00 01-MAR-2029] => 100.997 | 01.00]
	[35 5.00 01-DEC-2029] => 103.406 | 01.00]
	[36 5.00 15-AUG-2031] => 104.846 | 01.00]
	[37 5.00 01-AUG-2031] => 102.660 | 01.00]
	[38 4.00 01-NOV-2029] => 102.299 | 01.00]
	[39 5.00 15-FEB-2030] => 102.717 | 01.00]
	[40 5.00 15-NOV-2030] => 101.733 | 01.00]
	[41 5.00 15-FEB-2033] => 104.480 | 01.00]
	[42 5.00 01-DEC-2031] => 102.393 | 01.00]
	[43 5.00 01-SEP-2033] => 106.315 | 01.00]
	[44 5.00 15-JUL-2030] => 101.789 | 01.00]
	[45 5.00 01-AUG-2033] => 106.279 | 01.00]
	[46 3.00 01-AUG-2033] => 091.858 | 01.00]
	[47 5.00 15-FEB-2033] => 104.370 | 01.00]
	[48 5.00 15-JUN-2031] => 102.508 | 01.00]
	[49 4.00 01-DEC-2033] => 096.755 | 01.00]
	[50 5.00 01-DEC-2031] => 104.367 | 01.00]
	[51 5.00 15-SEP-2031] => 103.830 | 01.00]
	[52 5.00 01-DEC-2031] => 104.428 | 01.00]
	[53 3.00 01-AUG-2033] => 090.860 | 01.00]
	[54 5.00 01-AUG-2032] => 104.339 | 01.00]
	[55 5.00 01-JUN-2032] => 104.219 | 01.00]
	[56 4.00 01-DEC-2033] => 097.556 | 01.00]
	[57 4.00 15-FEB-2031] => 100.930 | 01.00]
	[58 5.00 01-DEC-2033] => 100.840 | 01.00]
	[59 5.00 01-AUG-2032] => 104.178 | 01.00]
	[60 5.00 01-MAR-2032] => 104.380 | 01.00]
	[61 5.00 01-FEB-2038] => 101.599 | 01.00]
	[62 5.00 01-APR-2034] => 101.605 | 01.00]
	[63 5.00 01-DEC-2034] => 102.507 | 01.00]
	[64 5.00 15-FEB-2037] => 101.913 | 01.00]
	[65 5.00 01-FEB-2035] => 102.910 | 01.00]
	[66 5.00 15-FEB-2035] => 104.250 | 01.00]
	[67 4.00 15-AUG-2037] => 099.777 | 01.00]
	[68 4.00 15-AUG-2037] => 099.777 | 01.00]
	[69 5.00 01-MAR-2035] => 104.901 | 01.00]
	[70 5.00 01-FEB-2035] => 102.229 | 01.00]
	[71 5.00 15-FEB-2035] => 104.000 | 01.00]
	[72 5.00 01-JUN-2035] => 104.793 | 01.00]
	[73 5.00 01-AUG-2037] => 103.608 | 01.00]
	[74 5.00 01-JUL-2037] => 104.596 | 01.00]
	[75 5.00 01-FEB-2035] => 104.502 | 01.00]
	[76 4.00 15-FEB-2038] => 094.301 | 01.00]
	[77 5.00 01-OCT-2037] => 103.848 | 01.00]
	[78 5.00 01-AUG-2037] => 101.030 | 01.00]
	[79 5.00 01-AUG-2034] => 103.580 | 01.00]
	[80 5.00 15-AUG-2038] => 101.825 | 01.00]
	[81 5.00 01-FEB-2038] => 101.599 | 01.00]
	[82 4.00 15-AUG-2037] => 099.777 | 01.00]
	[83 5.00 01-JUL-2040] => 099.500 | 01.00]
	[84 5.00 15-FEB-2042] => 100.098 | 01.00]
	[85 5.00 01-JUL-2040] => 102.153 | 01.00]
	[86 5.00 01-AUG-2037] => 103.608 | 01.00]
	[87 5.00 01-JUL-2037] => 104.596 | 01.00]
	[88 4.00 01-DEC-2039] => 085.921 | 01.00]
	[89 5.00 15-JUN-2041] => 100.404 | 01.00]
	[90 4.00 15-FEB-2038] => 094.301 | 01.00]
	[91 5.00 01-OCT-2037] => 103.848 | 01.00]
	[92 5.00 01-AUG-2037] => 101.030 | 01.00]
	[93 5.00 15-AUG-2038] => 101.825 | 01.00]
	[94 4.00 01-DEC-2037] => 091.511 | 01.00]
	[95 5.00 01-DEC-2039] => 100.105 | 01.00]
	[96 5.00 01-DEC-2041] => 100.679 | 01.00]
	[97 5.00 15-FEB-2042] => 101.206 | 01.00]
	[98 5.00 15-FEB-2041] => 101.307 | 01.00]
	[99 5.00 01-OCT-2038] => 103.807 | 01.00]
	[100 5.00 15-DEC-2041] => 102.546 | 01.00]
	[101 4.00 01-FEB-2043] => 087.590 | 01.00]
	[102 5.00 01-JUL-2040] => 099.500 | 01.00]
	[103 5.00 15-FEB-2042] => 100.098 | 01.00]
	[104 5.00 01-JUL-2040] => 102.153 | 01.00]
	[105 4.00 15-FEB-2044] => 086.216 | 01.00]
	[106 5.00 15-JUN-2041] => 100.404 | 01.00]
	[107 3.12 15-AUG-2044] => 074.209 | 01.00]
	[108 5.25 15-JUN-2044] => 103.386 | 01.00]
	[109 4.00 01-OCT-2044] => 090.202 | 01.00]
	[110 5.00 01-DEC-2041] => 100.679 | 01.00]
	[111 5.00 01-AUG-2042] => 101.398 | 01.00]
	[112 5.00 15-FEB-2042] => 101.206 | 01.00]
	[113 5.00 15-FEB-2041] => 101.307 | 01.00]
	[114 5.00 15-DEC-2041] => 102.546 | 01.00]
	[115 5.00 01-APR-2043] => 098.596 | 01.00]
	[116 4.00 01-AUG-2043] => 091.366 | 01.00]
	[117 5.25 01-DEC-2040] => 103.561 | 01.00]
	[118 4.00 01-AUG-2041] => 089.275 | 01.00]
	[119 5.00 01-AUG-2044] => 100.962 | 01.00]
	[120 4.00 01-AUG-2046] => 086.847 | 01.00]
	[121 5.00 15-FEB-2048] => 099.994 | 01.00]
	[122 4.00 15-JUN-2049] => 080.650 | 01.00]
	[123 4.00 01-AUG-2046] => 086.847 | 01.00]
	[124 4.00 01-APR-2045] => 084.923 | 01.00]
	[125 4.00 01-AUG-2047] => 082.634 | 01.00]
	[126 4.00 01-JUN-2047] => 085.130 | 01.00]
	[127 5.00 01-APR-2048] => 100.144 | 01.00]
	[128 5.00 01-SEP-2045] => 102.435 | 01.00]
	[129 5.00 01-OCT-2048] => 100.701 | 01.00]
	[130 4.00 01-OCT-2045] => 090.679 | 01.00]
	[131 5.00 15-SEP-2045] => 099.835 | 01.00]
	[132 5.00 01-FEB-2046] => 102.589 | 01.00]
	[133 4.00 01-FEB-2047] => 084.149 | 01.00]
	[134 5.00 01-FEB-2052] => 093.173 | 01.00]
	[135 4.62 15-JUN-2045] => 100.419 | 01.00]
	[136 5.00 01-JUL-2045] => 100.733 | 01.00]
	[137 5.00 15-FEB-2049] => 102.120 | 01.00]
	[138 5.00 15-AUG-2049] => 098.927 | 01.00]
	[139 5.00 15-SEP-2048] => 099.268 | 01.00]
	[140 5.25 15-FEB-2049] => 105.177 | 01.00]
	[141 5.00 15-MAR-2050] => 096.043 | 01.00]
	[142 5.25 15-MAR-2050] => 094.408 | 01.00]
	[143 5.00 15-JUN-2050] => 095.368 | 01.00]
	[144 5.00 01-DEC-2055] => 093.455 | 01.00]
	[145 5.00 15-FEB-2051] => 094.711 | 01.00]
	[146 5.00 15-FEB-2051] => 098.621 | 01.00]
	[147 4.25 01-FEB-2054] => 080.086 | 01.00]
	[148 5.25 01-FEB-2053] => 096.535 | 01.00]
	[149 5.00 01-AUG-2052] => 095.798 | 01.00]
	[150 5.25 01-DEC-2054] => 094.668 | 01.00]
	[151 4.50 15-MAY-2052] => 084.838 | 01.00]
	[152 5.00 01-JUN-2055] => 094.722 | 01.00]
	[153 5.25 01-AUG-2050] => 100.836 | 01.00]
	[154 5.25 15-JUN-2055] => 097.958 | 01.00]
	[155 5.00 01-DEC-2052] => 100.367 | 01.00]
	[156 4.50 15-AUG-2050] => 088.758 | 01.00]
	[157 4.25 01-AUG-2052] => 084.874 | 01.00]
	[158 4.00 01-JUN-2051] => 076.770 | 01.00]
	[159 5.00 15-MAR-2055] => 094.590 | 01.00]
	[160 5.00 01-JAN-2056] => 103.206 | 01.00]
	||  {Vertex Count => 80 | Lower Search Bound => 0.01 | Upper Search Bound => 0.09 | Incorporate Centroid => false | Tolerance => 1.e-06}
	||--------------------------------------------------||

	||-------------------------------------------------------------------------------------------------------------------------------||
	|| {0}: [Value:  0.000779; Vertex:  0.028411 | 0.051583 | 0.031848 | 0.067358 | 0.027436 | 0.042160 | 0.059579 | 0.049234 | 0.046357 | 0.049940 | 0.045216 | 0.077594 | 0.068338 | 0.049365 | 0.046476 | 0.062297 | 0.058093 | 0.026658 | 0.042674 | 0.057488 | 0.082460 | 0.072924 | 0.068626 | 0.059593 | 0.070274 | 0.057396 | 0.050426 | 0.040575 | 0.027421 | 0.064283] ||
	|| {0}: Cumulative Yield Vertex:    0.028411 | 0.039980 | 0.037268 | 0.044744 | 0.041273 | 0.041421 | 0.044003 | 0.044656 | 0.044845 | 0.045355 | 0.045342 | 0.048009 | 0.049564 | 0.049550 | 0.049345 | 0.050152 | 0.050618 | 0.049277 | 0.048929 | 0.049356 | 0.050919 | 0.051916 | 0.052639 | 0.052928 | 0.053619 | 0.053764 | 0.053641 | 0.053173 | 0.052280 | 0.052680 ||
	||-------------------------------------------------------------------------------------------------------------------------------||
	|| {0}:  02260 => 01738 | 0020 | 0502 | 0000 ||
	||-------------------------------------------------------------------------------------------------------------------------------||
	|| {1}: [Value:  0.000773; Vertex:  0.027965 | 0.052366 | 0.030951 | 0.068238 | 0.027650 | 0.040764 | 0.058027 | 0.056029 | 0.040149 | 0.058738 | 0.039524 | 0.079080 | 0.063186 | 0.043061 | 0.048691 | 0.054454 | 0.059116 | 0.050490 | 0.048753 | 0.074722 | 0.057989 | 0.051896 | 0.075860 | 0.056189 | 0.067842 | 0.050784 | 0.059251 | 0.053422 | 0.061007 | 0.037449] ||
	|| {1}: Cumulative Yield Vertex:    0.027965 | 0.040145 | 0.037079 | 0.044819 | 0.041375 | 0.041273 | 0.043656 | 0.045198 | 0.044637 | 0.046045 | 0.045452 | 0.048231 | 0.049377 | 0.048925 | 0.048909 | 0.049255 | 0.049833 | 0.049870 | 0.049811 | 0.051049 | 0.051378 | 0.051402 | 0.052458 | 0.052614 | 0.053220 | 0.053126 | 0.053353 | 0.053355 | 0.053618 | 0.053076 ||
	||-------------------------------------------------------------------------------------------------------------------------------||
	|| {1}:  01764 => 01284 | 0000 | 0480 | 0000 ||
	||-------------------------------------------------------------------------------------------------------------------------------||
	|| {2}: [Value:  0.000782; Vertex:  0.027984 | 0.052167 | 0.030964 | 0.069375 | 0.024304 | 0.049252 | 0.048740 | 0.063787 | 0.035304 | 0.049199 | 0.049994 | 0.071604 | 0.058311 | 0.067886 | 0.039075 | 0.060746 | 0.045946 | 0.039769 | 0.055215 | 0.072432 | 0.070565 | 0.048035 | 0.065374 | 0.072630 | 0.051066 | 0.076869 | 0.055421 | 0.052397 | 0.041762 | 0.065288] ||
	|| {2}: Cumulative Yield Vertex:    0.027984 | 0.040056 | 0.037024 | 0.045059 | 0.040893 | 0.042286 | 0.043206 | 0.045766 | 0.044602 | 0.045062 | 0.045509 | 0.047670 | 0.048486 | 0.049868 | 0.049147 | 0.049870 | 0.049639 | 0.049088 | 0.049410 | 0.050554 | 0.051502 | 0.051344 | 0.051952 | 0.052809 | 0.052739 | 0.053664 | 0.053729 | 0.053681 | 0.053269 | 0.053670 ||
	||-------------------------------------------------------------------------------------------------------------------------------||
	|| {2}:  01755 => 01264 | 0012 | 0479 | 0000 ||
	||-------------------------------------------------------------------------------------------------------------------------------||
	|| {3}: [Value:  0.000793; Vertex:  0.028147 | 0.052375 | 0.030673 | 0.068977 | 0.025558 | 0.048299 | 0.047253 | 0.064880 | 0.038159 | 0.042920 | 0.052211 | 0.077098 | 0.063494 | 0.046045 | 0.061966 | 0.044187 | 0.037537 | 0.052401 | 0.069781 | 0.065755 | 0.065207 | 0.059288 | 0.070450 | 0.061091 | 0.057422 | 0.048093 | 0.067464 | 0.041223 | 0.039508 | 0.035057] ||
	|| {3}: Cumulative Yield Vertex:    0.028147 | 0.040242 | 0.037050 | 0.044980 | 0.041083 | 0.042286 | 0.042994 | 0.045715 | 0.044875 | 0.044679 | 0.045362 | 0.047986 | 0.049174 | 0.048950 | 0.049815 | 0.049463 | 0.048760 | 0.048962 | 0.050052 | 0.050834 | 0.051515 | 0.051869 | 0.052673 | 0.053023 | 0.053198 | 0.053001 | 0.053535 | 0.053094 | 0.052624 | 0.052035 ||
	||-------------------------------------------------------------------------------------------------------------------------------||
	|| {3}:  01511 => 01016 | 0007 | 0488 | 0000 ||
	||-------------------------------------------------------------------------------------------------------------------------------||
	|| {4}: [Value:  0.000803; Vertex:  0.028026 | 0.052074 | 0.031293 | 0.068049 | 0.028488 | 0.037379 | 0.063185 | 0.048107 | 0.063888 | 0.035525 | 0.045772 | 0.068277 | 0.056141 | 0.066598 | 0.049574 | 0.052691 | 0.038603 | 0.058458 | 0.051524 | 0.071502 | 0.071743 | 0.042207 | 0.074066 | 0.053240 | 0.062288 | 0.077932 | 0.069126 | 0.041604 | 0.060807 | 0.061749] ||
	|| {4}: Cumulative Yield Vertex:    0.028026 | 0.040031 | 0.037117 | 0.044801 | 0.041530 | 0.040836 | 0.044012 | 0.044523 | 0.046664 | 0.045545 | 0.045566 | 0.047448 | 0.048115 | 0.049432 | 0.049441 | 0.049644 | 0.048993 | 0.049519 | 0.049625 | 0.050712 | 0.051708 | 0.051274 | 0.052259 | 0.052300 | 0.052699 | 0.053665 | 0.054236 | 0.053783 | 0.054025 | 0.054283 ||
	||-------------------------------------------------------------------------------------------------------------------------------||
	|| {4}:  01687 => 01193 | 0008 | 0486 | 0000 ||
	||-------------------------------------------------------------------------------------------------------------------------------||
	|| {5}: [Value:  0.000771; Vertex:  0.028227 | 0.051697 | 0.031456 | 0.068997 | 0.025846 | 0.042808 | 0.054516 | 0.060871 | 0.038126 | 0.055815 | 0.043448 | 0.080377 | 0.062962 | 0.047978 | 0.046205 | 0.039867 | 0.058829 | 0.050369 | 0.049871 | 0.071576 | 0.060299 | 0.059291 | 0.078583 | 0.054818 | 0.077856 | 0.063085 | 0.060043 | 0.056887 | 0.033587 | 0.063357] ||
	|| {5}: Cumulative Yield Vertex:    0.028227 | 0.039944 | 0.037114 | 0.045033 | 0.041183 | 0.041454 | 0.043314 | 0.045499 | 0.044679 | 0.045792 | 0.045579 | 0.048454 | 0.049566 | 0.049452 | 0.049236 | 0.048649 | 0.049246 | 0.049309 | 0.049338 | 0.050444 | 0.050912 | 0.051293 | 0.052471 | 0.052568 | 0.053573 | 0.053939 | 0.054165 | 0.054262 | 0.053546 | 0.053873 ||
	||-------------------------------------------------------------------------------------------------------------------------------||
	|| {5}:  02117 => 01592 | 0017 | 0508 | 0000 ||
	||-------------------------------------------------------------------------------------------------------------------------------||
	|| {6}: [Value:  0.000778; Vertex:  0.028392 | 0.051480 | 0.031995 | 0.066332 | 0.029426 | 0.037523 | 0.063777 | 0.053173 | 0.041068 | 0.052933 | 0.046730 | 0.059659 | 0.079406 | 0.051831 | 0.043694 | 0.052704 | 0.060850 | 0.044030 | 0.047740 | 0.054841 | 0.060655 | 0.068659 | 0.071560 | 0.079294 | 0.060695 | 0.073175 | 0.052490 | 0.042029 | 0.055281 | 0.051962] ||
	|| {6}: Cumulative Yield Vertex:    0.028392 | 0.039919 | 0.037277 | 0.044497 | 0.041476 | 0.040815 | 0.044077 | 0.045211 | 0.044751 | 0.045569 | 0.045674 | 0.046835 | 0.049321 | 0.049501 | 0.049113 | 0.049337 | 0.050012 | 0.049679 | 0.049577 | 0.049840 | 0.050353 | 0.051183 | 0.052064 | 0.053191 | 0.053490 | 0.054245 | 0.054180 | 0.053746 | 0.053798 | 0.053737 ||
	||-------------------------------------------------------------------------------------------------------------------------------||
	|| {6}:  01513 => 01046 | 0003 | 0464 | 0000 ||
	||-------------------------------------------------------------------------------------------------------------------------------||
	|| {7}: [Value:  0.000784; Vertex:  0.027975 | 0.052357 | 0.031212 | 0.066399 | 0.028887 | 0.041531 | 0.058736 | 0.055778 | 0.035581 | 0.056356 | 0.045963 | 0.073780 | 0.064653 | 0.055277 | 0.050753 | 0.048397 | 0.054407 | 0.035249 | 0.047644 | 0.064473 | 0.088299 | 0.056388 | 0.055404 | 0.054681 | 0.076148 | 0.083566 | 0.036815 | 0.064161 | 0.054221 | 0.056957] ||
	|| {7}: Cumulative Yield Vertex:    0.027975 | 0.040146 | 0.037167 | 0.044431 | 0.041314 | 0.041350 | 0.043823 | 0.045313 | 0.044230 | 0.045441 | 0.045489 | 0.047830 | 0.049118 | 0.049559 | 0.049638 | 0.049561 | 0.049845 | 0.049030 | 0.048957 | 0.049729 | 0.051549 | 0.051769 | 0.051927 | 0.052041 | 0.053000 | 0.054169 | 0.053524 | 0.053903 | 0.053914 | 0.054015 ||
	||-------------------------------------------------------------------------------------------------------------------------------||
	|| {7}:  01863 => 01366 | 0015 | 0482 | 0000 ||
	||-------------------------------------------------------------------------------------------------------------------------------||
	|| {8}: [Value:  0.000770; Vertex:  0.028295 | 0.051603 | 0.031635 | 0.068100 | 0.027008 | 0.042865 | 0.055875 | 0.059481 | 0.035299 | 0.046786 | 0.051508 | 0.085317 | 0.057969 | 0.054626 | 0.036687 | 0.057538 | 0.050399 | 0.054768 | 0.047872 | 0.069125 | 0.051573 | 0.064813 | 0.075345 | 0.075135 | 0.063335 | 0.047658 | 0.045921 | 0.057380 | 0.057352 | 0.056104] ||
	|| {8}: Cumulative Yield Vertex:    0.028295 | 0.039932 | 0.037165 | 0.044850 | 0.041271 | 0.041537 | 0.043578 | 0.045557 | 0.044416 | 0.044653 | 0.045275 | 0.048580 | 0.049300 | 0.049681 | 0.048813 | 0.049357 | 0.049418 | 0.049715 | 0.049618 | 0.050589 | 0.050635 | 0.051279 | 0.052319 | 0.053264 | 0.053665 | 0.053434 | 0.053155 | 0.053306 | 0.053445 | 0.053534 ||
	||-------------------------------------------------------------------------------------------------------------------------------||
	|| {8}:  01635 => 01132 | 0008 | 0495 | 0000 ||
	||-------------------------------------------------------------------------------------------------------------------------------||
	|| {9}: [Value:  0.000796; Vertex:  0.027933 | 0.052198 | 0.031465 | 0.066311 | 0.031887 | 0.032097 | 0.063959 | 0.056730 | 0.040174 | 0.049505 | 0.051466 | 0.071350 | 0.063455 | 0.051412 | 0.049639 | 0.042217 | 0.057833 | 0.057306 | 0.057021 | 0.049237 | 0.079309 | 0.060324 | 0.058805 | 0.066510 | 0.049820 | 0.054483 | 0.055567 | 0.067020 | 0.055732 | 0.041466] ||
	|| {9}: Cumulative Yield Vertex:    0.027933 | 0.040046 | 0.037184 | 0.044422 | 0.041910 | 0.040269 | 0.043633 | 0.045265 | 0.044699 | 0.045180 | 0.045750 | 0.047870 | 0.049064 | 0.049232 | 0.049259 | 0.048818 | 0.049347 | 0.049789 | 0.050169 | 0.050123 | 0.051502 | 0.051903 | 0.052203 | 0.052796 | 0.052677 | 0.052747 | 0.052851 | 0.053355 | 0.053437 | 0.053036 ||
	||-------------------------------------------------------------------------------------------------------------------------------||
	|| {9}:  01462 => 00969 | 0008 | 0485 | 0000 ||
	||-------------------------------------------------------------------------------------------------------------------------------||
	|| {10}: [Value:  0.000787; Vertex:  0.028162 | 0.051941 | 0.031484 | 0.067178 | 0.028739 | 0.040941 | 0.060623 | 0.051127 | 0.041185 | 0.046988 | 0.054260 | 0.072360 | 0.062822 | 0.051164 | 0.050954 | 0.048947 | 0.040929 | 0.066324 | 0.053844 | 0.064057 | 0.064308 | 0.058505 | 0.073066 | 0.058832 | 0.048462 | 0.068870 | 0.060728 | 0.053502 | 0.059600 | 0.051834] ||
	|| {10}: Cumulative Yield Vertex:    0.028162 | 0.040033 | 0.037182 | 0.044635 | 0.041448 | 0.041363 | 0.044101 | 0.044978 | 0.044556 | 0.044800 | 0.045657 | 0.047868 | 0.049013 | 0.049167 | 0.049286 | 0.049265 | 0.048774 | 0.049747 | 0.049962 | 0.050664 | 0.051312 | 0.051639 | 0.052565 | 0.052826 | 0.052651 | 0.053274 | 0.053549 | 0.053547 | 0.053756 | 0.053691 ||
	||-------------------------------------------------------------------------------------------------------------------------------||
	|| {10}:  01594 => 01093 | 0011 | 0490 | 0000 ||
	||-------------------------------------------------------------------------------------------------------------------------------||
	|| {11}: [Value:  0.000778; Vertex:  0.028141 | 0.052341 | 0.030253 | 0.069590 | 0.027520 | 0.036349 | 0.066616 | 0.048480 | 0.041856 | 0.049366 | 0.053849 | 0.069599 | 0.066013 | 0.057091 | 0.036729 | 0.055666 | 0.044813 | 0.066514 | 0.042438 | 0.067048 | 0.068731 | 0.048596 | 0.072301 | 0.076523 | 0.058576 | 0.052155 | 0.058185 | 0.044907 | 0.049092 | 0.052835] ||
	|| {11}: Cumulative Yield Vertex:    0.028141 | 0.040222 | 0.036896 | 0.045016 | 0.041506 | 0.040644 | 0.044332 | 0.044849 | 0.044517 | 0.045002 | 0.045804 | 0.047775 | 0.049172 | 0.049737 | 0.048868 | 0.049292 | 0.049028 | 0.049998 | 0.049600 | 0.050468 | 0.051333 | 0.051209 | 0.052121 | 0.053131 | 0.053348 | 0.053302 | 0.053483 | 0.053176 | 0.053035 | 0.053028 ||
	||-------------------------------------------------------------------------------------------------------------------------------||
	|| {11}:  01873 => 01367 | 0015 | 0491 | 0000 ||
	||-------------------------------------------------------------------------------------------------------------------------------||
	|| {12}: [Value:  0.000792; Vertex:  0.028238 | 0.051884 | 0.031018 | 0.069666 | 0.025304 | 0.043402 | 0.056419 | 0.053810 | 0.050516 | 0.040307 | 0.051818 | 0.072646 | 0.063814 | 0.061698 | 0.035070 | 0.046187 | 0.053913 | 0.061619 | 0.056948 | 0.055457 | 0.061557 | 0.062338 | 0.071034 | 0.064402 | 0.057357 | 0.055423 | 0.058493 | 0.051708 | 0.056402 | 0.065604] ||
	|| {12}: Cumulative Yield Vertex:    0.028238 | 0.040043 | 0.037033 | 0.045137 | 0.041157 | 0.041532 | 0.043650 | 0.044917 | 0.045538 | 0.045013 | 0.045630 | 0.047867 | 0.049088 | 0.049988 | 0.048991 | 0.048816 | 0.049115 | 0.049809 | 0.050184 | 0.050447 | 0.050974 | 0.051491 | 0.052336 | 0.052837 | 0.053017 | 0.053110 | 0.053309 | 0.053252 | 0.053360 | 0.053768 ||
	||-------------------------------------------------------------------------------------------------------------------------------||
	|| {12}:  01407 => 00926 | 0014 | 0467 | 0000 ||
	||-------------------------------------------------------------------------------------------------------------------------------||
	|| {13}: [Value:  0.000755; Vertex:  0.028141 | 0.052079 | 0.030949 | 0.069999 | 0.024383 | 0.044604 | 0.056598 | 0.062073 | 0.021683 | 0.052208 | 0.058048 | 0.076628 | 0.079840 | 0.027794 | 0.054697 | 0.064350 | 0.035140 | 0.055089 | 0.042844 | 0.080273 | 0.052659 | 0.050759 | 0.087379 | 0.072640 | 0.048915 | 0.063660 | 0.056550 | 0.050838 | 0.046248 | 0.032969] ||
	|| {13}: Cumulative Yield Vertex:    0.028141 | 0.040092 | 0.037042 | 0.045226 | 0.041043 | 0.041637 | 0.043766 | 0.046044 | 0.043324 | 0.044213 | 0.045466 | 0.048043 | 0.050470 | 0.048839 | 0.049228 | 0.050169 | 0.049283 | 0.049606 | 0.049249 | 0.050789 | 0.050878 | 0.050872 | 0.052445 | 0.053282 | 0.053107 | 0.053513 | 0.053625 | 0.053526 | 0.053274 | 0.052593 ||
	||-------------------------------------------------------------------------------------------------------------------------------||
	|| {13}:  01941 => 01445 | 0010 | 0486 | 0000 ||
	||-------------------------------------------------------------------------------------------------------------------------------||
	|| {14}: [Value:  0.000776; Vertex:  0.028074 | 0.052083 | 0.031264 | 0.068198 | 0.027150 | 0.042253 | 0.057852 | 0.056033 | 0.035091 | 0.046864 | 0.058117 | 0.077092 | 0.064698 | 0.049554 | 0.039849 | 0.049340 | 0.057703 | 0.055319 | 0.045474 | 0.064606 | 0.052395 | 0.080931 | 0.072235 | 0.064040 | 0.060624 | 0.048697 | 0.048064 | 0.061134 | 0.052674 | 0.038821] ||
	|| {14}: Cumulative Yield Vertex:    0.028074 | 0.040059 | 0.037126 | 0.044845 | 0.041295 | 0.041455 | 0.043788 | 0.045313 | 0.044176 | 0.044445 | 0.045683 | 0.048281 | 0.049538 | 0.049539 | 0.048892 | 0.048920 | 0.049435 | 0.049763 | 0.049537 | 0.050287 | 0.050387 | 0.051769 | 0.052654 | 0.053126 | 0.053426 | 0.053243 | 0.053051 | 0.053339 | 0.053316 | 0.052831 ||
	||-------------------------------------------------------------------------------------------------------------------------------||
	|| {14}:  01800 => 01309 | 0014 | 0477 | 0000 ||
	||-------------------------------------------------------------------------------------------------------------------------------||
	|| {15}: [Value:  0.000770; Vertex:  0.027974 | 0.051855 | 0.032027 | 0.067257 | 0.028166 | 0.039711 | 0.061675 | 0.055044 | 0.027932 | 0.055533 | 0.055421 | 0.075385 | 0.060138 | 0.049219 | 0.056533 | 0.044815 | 0.059125 | 0.050383 | 0.039561 | 0.071359 | 0.045784 | 0.069744 | 0.085657 | 0.066553 | 0.076055 | 0.038427 | 0.043872 | 0.056694 | 0.066048 | 0.056054] ||
	|| {15}: Cumulative Yield Vertex:    0.027974 | 0.039896 | 0.037272 | 0.044722 | 0.041402 | 0.041119 | 0.044041 | 0.045412 | 0.043464 | 0.044670 | 0.045644 | 0.048104 | 0.049027 | 0.049041 | 0.049539 | 0.049244 | 0.049823 | 0.049854 | 0.049312 | 0.050408 | 0.050188 | 0.051074 | 0.052565 | 0.053145 | 0.054056 | 0.053452 | 0.053096 | 0.053225 | 0.053665 | 0.053745 ||
	||-------------------------------------------------------------------------------------------------------------------------------||
	|| {15}:  01819 => 01311 | 0014 | 0494 | 0000 ||
	||-------------------------------------------------------------------------------------------------------------------------------||
	|| {16}: [Value:  0.000780; Vertex:  0.027996 | 0.052191 | 0.031565 | 0.065650 | 0.030720 | 0.041889 | 0.054627 | 0.053675 | 0.048198 | 0.039322 | 0.057405 | 0.075259 | 0.052424 | 0.058064 | 0.050432 | 0.056546 | 0.052392 | 0.043413 | 0.046772 | 0.067855 | 0.046847 | 0.069193 | 0.090244 | 0.072407 | 0.061381 | 0.057106 | 0.047414 | 0.046948 | 0.051636 | 0.048656] ||
	|| {16}: Cumulative Yield Vertex:    0.027996 | 0.040074 | 0.037236 | 0.044298 | 0.041577 | 0.041629 | 0.043479 | 0.044750 | 0.045133 | 0.044550 | 0.045714 | 0.048158 | 0.048486 | 0.049170 | 0.049254 | 0.049709 | 0.049866 | 0.049507 | 0.049363 | 0.050283 | 0.050119 | 0.050984 | 0.052674 | 0.053492 | 0.053807 | 0.053934 | 0.053692 | 0.053451 | 0.053389 | 0.053230 ||
	||-------------------------------------------------------------------------------------------------------------------------------||
	|| {16}:  01300 => 00827 | 0003 | 0470 | 0000 ||
	||-------------------------------------------------------------------------------------------------------------------------------||
	|| {17}: [Value:  0.000770; Vertex:  0.027734 | 0.052437 | 0.031874 | 0.065051 | 0.031984 | 0.031201 | 0.069870 | 0.050549 | 0.042037 | 0.047431 | 0.051702 | 0.082303 | 0.056035 | 0.054387 | 0.048714 | 0.037441 | 0.056154 | 0.069727 | 0.019819 | 0.072361 | 0.075810 | 0.046104 | 0.063740 | 0.103804 | 0.061271 | 0.054901 | 0.057917 | 0.053586 | 0.024388 | 0.047647] ||
	|| {17}: Cumulative Yield Vertex:    0.027734 | 0.040065 | 0.037334 | 0.044223 | 0.041771 | 0.040002 | 0.044239 | 0.045026 | 0.044694 | 0.044968 | 0.045579 | 0.048612 | 0.049182 | 0.049554 | 0.049498 | 0.048743 | 0.049178 | 0.050316 | 0.048701 | 0.049877 | 0.051103 | 0.050875 | 0.051433 | 0.053587 | 0.053894 | 0.053932 | 0.054080 | 0.054062 | 0.053032 | 0.052852 ||
	||-------------------------------------------------------------------------------------------------------------------------------||
	|| {17}:  01910 => 01407 | 0018 | 0485 | 0000 ||
	||-------------------------------------------------------------------------------------------------------------------------------||
	|| {18}: [Value:  0.000778; Vertex:  0.028367 | 0.051427 | 0.031853 | 0.067650 | 0.027387 | 0.041605 | 0.058791 | 0.055802 | 0.039030 | 0.038993 | 0.058750 | 0.075764 | 0.083182 | 0.043693 | 0.043709 | 0.038816 | 0.054468 | 0.046694 | 0.059117 | 0.050879 | 0.081982 | 0.046732 | 0.057285 | 0.086779 | 0.068271 | 0.063185 | 0.040394 | 0.051841 | 0.057701 | 0.077851] ||
	|| {18}: Cumulative Yield Vertex:    0.028367 | 0.039880 | 0.037203 | 0.044767 | 0.041281 | 0.041335 | 0.043818 | 0.045311 | 0.044613 | 0.044049 | 0.045380 | 0.047893 | 0.050585 | 0.050091 | 0.049665 | 0.048986 | 0.049308 | 0.049162 | 0.049684 | 0.049744 | 0.051267 | 0.051060 | 0.051330 | 0.052794 | 0.053410 | 0.053786 | 0.053289 | 0.053237 | 0.053391 | 0.054203 ||
	||-------------------------------------------------------------------------------------------------------------------------------||
	|| {18}:  02157 => 01628 | 0024 | 0505 | 0000 ||
	||-------------------------------------------------------------------------------------------------------------------------------||
	|| {19}: [Value:  0.000790; Vertex:  0.027823 | 0.052498 | 0.031133 | 0.067713 | 0.027585 | 0.043179 | 0.055413 | 0.056940 | 0.039500 | 0.049395 | 0.053758 | 0.064195 | 0.068270 | 0.052423 | 0.050717 | 0.045605 | 0.043360 | 0.065596 | 0.047773 | 0.060919 | 0.059114 | 0.078798 | 0.056074 | 0.063122 | 0.075470 | 0.065879 | 0.052958 | 0.054823 | 0.063272 | 0.051893] ||
	|| {19}: Cumulative Yield Vertex:    0.027823 | 0.040140 | 0.037136 | 0.044733 | 0.041293 | 0.041608 | 0.043573 | 0.045238 | 0.044600 | 0.045080 | 0.045867 | 0.047387 | 0.048985 | 0.049231 | 0.049330 | 0.049097 | 0.048759 | 0.049693 | 0.049592 | 0.050156 | 0.050582 | 0.051858 | 0.052041 | 0.052502 | 0.053415 | 0.053894 | 0.053859 | 0.053894 | 0.054216 | 0.054138 ||
	||-------------------------------------------------------------------------------------------------------------------------------||
	|| {19}:  01335 => 00863 | 0012 | 0460 | 0000 ||
	||-------------------------------------------------------------------------------------------------------------------------------||

	|-----------------------------------------------------------------|
	|    Copyright (C) 2011-2026 (DRIP, DROP)
	|-----------------------------------------------------------------|
	|    Build Version  => 8.01.0 multi
	|    Build JVM (TM) => 15.0.1+9-18 mixed mode, sharing
	|    Build Snap     => Sat Sep 26 23:09:04 EST 2026
	|    Start Time     => Fri Oct 02 11:18:34 EDT 2026
	|    Setup Time     => Fri Oct 02 11:18:35 EDT 2026
	|    Finish Time    => Fri Oct 02 11:28:00 EDT 2026
	|    Setup Duration => 790 ms
	|    Run Duration   => 9 m 25 s 456 ms
	|-----------------------------------------------------------------|

