
	|-----------------------------------------------------------------|
	|    Copyright (C) 2011-2026 (DRIP, DROP)
	|-----------------------------------------------------------------|
	|    Build Version  => 8.01.0 multi
	|    Build JVM (TM) => 15.0.1+9-18 mixed mode, sharing
	|    Build Snap     => Sat Sep 26 23:09:04 EST 2026
	|    Start Time     => Fri Oct 02 11:34:27 EDT 2026
	|    Setup Time     => Fri Oct 02 11:34:28 EDT 2026
	|    Setup Duration => 923 ms
	|-----------------------------------------------------------------|

	||--------------------------------------------------||
	|| Multi-Bond Curve Calibrator => Multi-Bond Least-squares Function: {25-SEP-2026, USD, UST, 2} {Pillar Dates: 25-SEP-2027, 25-SEP-2028, 25-SEP-2029, 25-SEP-2030, 25-SEP-2031, 25-SEP-2032, 25-SEP-2033, 25-SEP-2034, 25-SEP-2035, 25-SEP-2036, 25-SEP-2037, 25-SEP-2038, 25-SEP-2039, 25-SEP-2040, 25-SEP-2041, 25-SEP-2042, 25-SEP-2043, 25-SEP-2044, 25-SEP-2045, 25-SEP-2046, 25-SEP-2047, 25-SEP-2048, 25-SEP-2049, 25-SEP-2050, 25-SEP-2051, 25-SEP-2052, 25-SEP-2053, 25-SEP-2054, 25-SEP-2055, 25-SEP-2056, };
Calibration Components:
	[1 4.00 15-FEB-2029] => 099.908 | 01.00]
	[2 5.00 01-AUG-2029] => 102.160 | 01.00]
	[3 5.00 15-OCT-2029] => 103.519 | 01.00]
	[4 5.00 15-FEB-2030] => 102.500 | 01.00]
	[5 5.00 15-FEB-2029] => 103.139 | 01.00]
	[6 4.00 01-MAR-2029] => 100.997 | 01.00]
	[7 5.00 01-DEC-2029] => 103.406 | 01.00]
	[8 4.00 01-NOV-2029] => 102.299 | 01.00]
	[9 5.00 15-FEB-2030] => 102.717 | 01.00]
	[10 5.00 01-OCT-2028] => 102.911 | 01.00]
	[11 5.00 01-DEC-2028] => 101.912 | 01.00]
	[12 5.00 15-FEB-2029] => 102.520 | 01.00]
	[13 5.00 01-DEC-2028] => 102.300 | 01.00]
	[14 5.00 01-DEC-2029] => 101.390 | 01.00]
	[15 5.25 01-FEB-2028] => 101.685 | 01.00]
	[16 4.00 01-SEP-2027] => 101.458 | 01.00]
	[17 5.00 01-OCT-2029] => 104.180 | 01.00]
	[18 5.00 01-SEP-2028] => 102.138 | 01.00]
	[19 5.00 01-OCT-2028] => 101.613 | 01.00]
	[20 5.00 15-FEB-2028] => 101.566 | 01.00]
	[21 4.00 15-FEB-2029] => 099.308 | 01.00]
	[22 5.00 01-AUG-2029] => 102.160 | 01.00]
	[23 5.00 01-DEC-2031] => 102.393 | 01.00]
	[24 5.00 15-JUL-2030] => 101.789 | 01.00]
	[25 5.00 15-OCT-2029] => 103.519 | 01.00]
	[26 5.00 15-JUN-2031] => 102.508 | 01.00]
	[27 5.00 15-FEB-2030] => 102.500 | 01.00]
	[28 5.00 01-DEC-2031] => 104.367 | 01.00]
	[29 5.00 15-SEP-2031] => 103.830 | 01.00]
	[30 5.00 01-DEC-2031] => 104.428 | 01.00]
	[31 5.00 15-FEB-2029] => 103.139 | 01.00]
	[32 4.00 15-FEB-2031] => 100.930 | 01.00]
	[33 5.00 15-FEB-2031] => 102.911 | 01.00]
	[34 4.00 01-MAR-2029] => 100.997 | 01.00]
	[35 5.00 01-DEC-2029] => 103.406 | 01.00]
	[36 5.00 15-AUG-2031] => 104.846 | 01.00]
	[37 5.00 01-AUG-2031] => 102.660 | 01.00]
	[38 4.00 01-NOV-2029] => 102.299 | 01.00]
	[39 5.00 15-FEB-2030] => 102.717 | 01.00]
	[40 5.00 15-NOV-2030] => 101.733 | 01.00]
	[41 5.00 15-FEB-2033] => 104.480 | 01.00]
	[42 5.00 01-DEC-2031] => 102.393 | 01.00]
	[43 5.00 01-SEP-2033] => 106.315 | 01.00]
	[44 5.00 15-JUL-2030] => 101.789 | 01.00]
	[45 5.00 01-AUG-2033] => 106.279 | 01.00]
	[46 3.00 01-AUG-2033] => 091.858 | 01.00]
	[47 5.00 15-FEB-2033] => 104.370 | 01.00]
	[48 5.00 15-JUN-2031] => 102.508 | 01.00]
	[49 4.00 01-DEC-2033] => 096.755 | 01.00]
	[50 5.00 01-DEC-2031] => 104.367 | 01.00]
	[51 5.00 15-SEP-2031] => 103.830 | 01.00]
	[52 5.00 01-DEC-2031] => 104.428 | 01.00]
	[53 3.00 01-AUG-2033] => 090.860 | 01.00]
	[54 5.00 01-AUG-2032] => 104.339 | 01.00]
	[55 5.00 01-JUN-2032] => 104.219 | 01.00]
	[56 4.00 01-DEC-2033] => 097.556 | 01.00]
	[57 4.00 15-FEB-2031] => 100.930 | 01.00]
	[58 5.00 01-DEC-2033] => 100.840 | 01.00]
	[59 5.00 01-AUG-2032] => 104.178 | 01.00]
	[60 5.00 01-MAR-2032] => 104.380 | 01.00]
	[61 5.00 01-FEB-2038] => 101.599 | 01.00]
	[62 5.00 01-APR-2034] => 101.605 | 01.00]
	[63 5.00 01-DEC-2034] => 102.507 | 01.00]
	[64 5.00 15-FEB-2037] => 101.913 | 01.00]
	[65 5.00 01-FEB-2035] => 102.910 | 01.00]
	[66 5.00 15-FEB-2035] => 104.250 | 01.00]
	[67 4.00 15-AUG-2037] => 099.777 | 01.00]
	[68 4.00 15-AUG-2037] => 099.777 | 01.00]
	[69 5.00 01-MAR-2035] => 104.901 | 01.00]
	[70 5.00 01-FEB-2035] => 102.229 | 01.00]
	[71 5.00 15-FEB-2035] => 104.000 | 01.00]
	[72 5.00 01-JUN-2035] => 104.793 | 01.00]
	[73 5.00 01-AUG-2037] => 103.608 | 01.00]
	[74 5.00 01-JUL-2037] => 104.596 | 01.00]
	[75 5.00 01-FEB-2035] => 104.502 | 01.00]
	[76 4.00 15-FEB-2038] => 094.301 | 01.00]
	[77 5.00 01-OCT-2037] => 103.848 | 01.00]
	[78 5.00 01-AUG-2037] => 101.030 | 01.00]
	[79 5.00 01-AUG-2034] => 103.580 | 01.00]
	[80 5.00 15-AUG-2038] => 101.825 | 01.00]
	[81 5.00 01-FEB-2038] => 101.599 | 01.00]
	[82 4.00 15-AUG-2037] => 099.777 | 01.00]
	[83 5.00 01-JUL-2040] => 099.500 | 01.00]
	[84 5.00 15-FEB-2042] => 100.098 | 01.00]
	[85 5.00 01-JUL-2040] => 102.153 | 01.00]
	[86 5.00 01-AUG-2037] => 103.608 | 01.00]
	[87 5.00 01-JUL-2037] => 104.596 | 01.00]
	[88 4.00 01-DEC-2039] => 085.921 | 01.00]
	[89 5.00 15-JUN-2041] => 100.404 | 01.00]
	[90 4.00 15-FEB-2038] => 094.301 | 01.00]
	[91 5.00 01-OCT-2037] => 103.848 | 01.00]
	[92 5.00 01-AUG-2037] => 101.030 | 01.00]
	[93 5.00 15-AUG-2038] => 101.825 | 01.00]
	[94 4.00 01-DEC-2037] => 091.511 | 01.00]
	[95 5.00 01-DEC-2039] => 100.105 | 01.00]
	[96 5.00 01-DEC-2041] => 100.679 | 01.00]
	[97 5.00 15-FEB-2042] => 101.206 | 01.00]
	[98 5.00 15-FEB-2041] => 101.307 | 01.00]
	[99 5.00 01-OCT-2038] => 103.807 | 01.00]
	[100 5.00 15-DEC-2041] => 102.546 | 01.00]
	[101 4.00 01-FEB-2043] => 087.590 | 01.00]
	[102 5.00 01-JUL-2040] => 099.500 | 01.00]
	[103 5.00 15-FEB-2042] => 100.098 | 01.00]
	[104 5.00 01-JUL-2040] => 102.153 | 01.00]
	[105 4.00 15-FEB-2044] => 086.216 | 01.00]
	[106 5.00 15-JUN-2041] => 100.404 | 01.00]
	[107 3.12 15-AUG-2044] => 074.209 | 01.00]
	[108 5.25 15-JUN-2044] => 103.386 | 01.00]
	[109 4.00 01-OCT-2044] => 090.202 | 01.00]
	[110 5.00 01-DEC-2041] => 100.679 | 01.00]
	[111 5.00 01-AUG-2042] => 101.398 | 01.00]
	[112 5.00 15-FEB-2042] => 101.206 | 01.00]
	[113 5.00 15-FEB-2041] => 101.307 | 01.00]
	[114 5.00 15-DEC-2041] => 102.546 | 01.00]
	[115 5.00 01-APR-2043] => 098.596 | 01.00]
	[116 4.00 01-AUG-2043] => 091.366 | 01.00]
	[117 5.25 01-DEC-2040] => 103.561 | 01.00]
	[118 4.00 01-AUG-2041] => 089.275 | 01.00]
	[119 5.00 01-AUG-2044] => 100.962 | 01.00]
	[120 4.00 01-AUG-2046] => 086.847 | 01.00]
	[121 5.00 15-FEB-2048] => 099.994 | 01.00]
	[122 4.00 15-JUN-2049] => 080.650 | 01.00]
	[123 4.00 01-AUG-2046] => 086.847 | 01.00]
	[124 4.00 01-APR-2045] => 084.923 | 01.00]
	[125 4.00 01-AUG-2047] => 082.634 | 01.00]
	[126 4.00 01-JUN-2047] => 085.130 | 01.00]
	[127 5.00 01-APR-2048] => 100.144 | 01.00]
	[128 5.00 01-SEP-2045] => 102.435 | 01.00]
	[129 5.00 01-OCT-2048] => 100.701 | 01.00]
	[130 4.00 01-OCT-2045] => 090.679 | 01.00]
	[131 5.00 15-SEP-2045] => 099.835 | 01.00]
	[132 5.00 01-FEB-2046] => 102.589 | 01.00]
	[133 4.00 01-FEB-2047] => 084.149 | 01.00]
	[134 5.00 01-FEB-2052] => 093.173 | 01.00]
	[135 4.62 15-JUN-2045] => 100.419 | 01.00]
	[136 5.00 01-JUL-2045] => 100.733 | 01.00]
	[137 5.00 15-FEB-2049] => 102.120 | 01.00]
	[138 5.00 15-AUG-2049] => 098.927 | 01.00]
	[139 5.00 15-SEP-2048] => 099.268 | 01.00]
	[140 5.25 15-FEB-2049] => 105.177 | 01.00]
	[141 5.00 15-MAR-2050] => 096.043 | 01.00]
	[142 5.25 15-MAR-2050] => 094.408 | 01.00]
	[143 5.00 15-JUN-2050] => 095.368 | 01.00]
	[144 5.00 01-DEC-2055] => 093.455 | 01.00]
	[145 5.00 15-FEB-2051] => 094.711 | 01.00]
	[146 5.00 15-FEB-2051] => 098.621 | 01.00]
	[147 4.25 01-FEB-2054] => 080.086 | 01.00]
	[148 5.25 01-FEB-2053] => 096.535 | 01.00]
	[149 5.00 01-AUG-2052] => 095.798 | 01.00]
	[150 5.25 01-DEC-2054] => 094.668 | 01.00]
	[151 4.50 15-MAY-2052] => 084.838 | 01.00]
	[152 5.00 01-JUN-2055] => 094.722 | 01.00]
	[153 5.25 01-AUG-2050] => 100.836 | 01.00]
	[154 5.25 15-JUN-2055] => 097.958 | 01.00]
	[155 5.00 01-DEC-2052] => 100.367 | 01.00]
	[156 4.50 15-AUG-2050] => 088.758 | 01.00]
	[157 4.25 01-AUG-2052] => 084.874 | 01.00]
	[158 4.00 01-JUN-2051] => 076.770 | 01.00]
	[159 5.00 15-MAR-2055] => 094.590 | 01.00]
	[160 5.00 01-JAN-2056] => 103.206 | 01.00]
	||  {Vertex Count => 80 | Lower Search Bound => 0.01 | Upper Search Bound => 0.09 | Incorporate Centroid => false | Tolerance => 1.e-7}
	||--------------------------------------------------||

	||-------------------------------------------------------------------------------------------------------------------------------||
	|| {0}: [Value:  0.000722; Vertex:  0.028137 | 0.051845 | 0.031685 | 0.066990 | 0.028554 | 0.041337 | 0.055715 | 0.075824 |-0.011009 | 0.079908 | 0.051947 | 0.074607 | 0.109767 |-0.004847 | 0.061372 | 0.061459 | 0.043487 | 0.068932 |-0.000949 | 0.129254 | 0.050808 |-0.002994 | 0.103293 | 0.116480 | 0.068240 | 0.027621 | 0.053570 | 0.060978 | 0.005245 | 0.019593] ||
	|| {0}: Cumulative Yield Vertex:    0.028137 | 0.039973 | 0.037209 | 0.044609 | 0.041389 | 0.041381 | 0.043421 | 0.047441 | 0.040866 | 0.044745 | 0.045398 | 0.047814 | 0.052512 | 0.048352 | 0.049217 | 0.049980 | 0.049597 | 0.050669 | 0.047921 | 0.051910 | 0.051858 | 0.049327 | 0.051643 | 0.054302 | 0.054858 | 0.053801 | 0.053793 | 0.054049 | 0.052347 | 0.051245 ||
	||-------------------------------------------------------------------------------------------------------------------------------||
	|| {0}:  07006 => 06134 | 0129 | 0743 | 0000 ||
	||-------------------------------------------------------------------------------------------------------------------------------||
	|| {1}: [Value:  0.000725; Vertex:  0.028149 | 0.051808 | 0.031817 | 0.066691 | 0.028051 | 0.045622 | 0.051002 | 0.075366 |-0.011465 | 0.099204 | 0.031969 | 0.083324 | 0.107990 | 0.001415 | 0.039195 | 0.086231 | 0.047425 | 0.046871 | 0.006013 | 0.099100 | 0.066012 | 0.026982 | 0.093384 | 0.089078 | 0.070968 | 0.044399 | 0.084333 | 0.040818 | 0.012546 | 0.026620] ||
	|| {1}: Cumulative Yield Vertex:    0.028149 | 0.039961 | 0.037245 | 0.044562 | 0.041251 | 0.041980 | 0.043265 | 0.047248 | 0.040644 | 0.046436 | 0.045118 | 0.048273 | 0.052803 | 0.049082 | 0.048421 | 0.050763 | 0.050566 | 0.050360 | 0.048004 | 0.050527 | 0.051261 | 0.050149 | 0.052009 | 0.053539 | 0.054233 | 0.053853 | 0.054973 | 0.054466 | 0.053007 | 0.052121 ||
	||-------------------------------------------------------------------------------------------------------------------------------||
	|| {1}:  06091 => 05301 | 0085 | 0705 | 0000 ||
	||-------------------------------------------------------------------------------------------------------------------------------||
	|| {2}: [Value:  0.000728; Vertex:  0.028063 | 0.052060 | 0.031455 | 0.067197 | 0.027990 | 0.044411 | 0.050968 | 0.076629 |-0.006528 | 0.067002 | 0.064648 | 0.069640 | 0.121842 |-0.015748 | 0.055255 | 0.079747 | 0.056203 | 0.038696 | 0.006120 | 0.111514 | 0.062462 | 0.023901 | 0.075067 | 0.107221 | 0.050719 | 0.057168 | 0.083773 | 0.066622 |-0.022832 | 0.020174] ||
	|| {2}: Cumulative Yield Vertex:    0.028063 | 0.040043 | 0.037179 | 0.044637 | 0.041298 | 0.041818 | 0.043121 | 0.047277 | 0.041232 | 0.043799 | 0.045684 | 0.047668 | 0.053277 | 0.048259 | 0.048724 | 0.050648 | 0.050974 | 0.050289 | 0.047942 | 0.051072 | 0.051613 | 0.050342 | 0.051410 | 0.053705 | 0.053585 | 0.053723 | 0.054828 | 0.055247 | 0.052506 | 0.051418 ||
	||-------------------------------------------------------------------------------------------------------------------------------||
	|| {2}:  06549 => 05742 | 0099 | 0708 | 0000 ||
	||-------------------------------------------------------------------------------------------------------------------------------||
	|| {3}: [Value:  0.000721; Vertex:  0.028171 | 0.051862 | 0.031713 | 0.066740 | 0.028296 | 0.044332 | 0.050772 | 0.082030 |-0.019793 | 0.097662 | 0.036198 | 0.087614 | 0.107431 |-0.007153 | 0.050940 | 0.060628 | 0.071305 | 0.034773 | 0.017415 | 0.114093 | 0.049720 | 0.019369 | 0.113048 | 0.077442 | 0.108694 |-0.021204 | 0.046355 | 0.105681 | 0.005204 | 0.068359] ||
	|| {3}: Cumulative Yield Vertex:    0.028171 | 0.039998 | 0.037235 | 0.044567 | 0.041304 | 0.041809 | 0.043086 | 0.047911 | 0.040280 | 0.045958 | 0.045069 | 0.048579 | 0.053044 | 0.048676 | 0.048827 | 0.049562 | 0.050834 | 0.049936 | 0.048213 | 0.051455 | 0.051373 | 0.049904 | 0.052608 | 0.053636 | 0.055809 | 0.052786 | 0.052548 | 0.054421 | 0.052705 | 0.053226 ||
	||-------------------------------------------------------------------------------------------------------------------------------||
	|| {3}:  07647 => 06778 | 0140 | 0729 | 0000 ||
	||-------------------------------------------------------------------------------------------------------------------------------||
	|| {4}: [Value:  0.000724; Vertex:  0.028159 | 0.051704 | 0.032190 | 0.066101 | 0.028294 | 0.045546 | 0.048922 | 0.081844 |-0.016410 | 0.084442 | 0.050616 | 0.076963 | 0.089620 | 0.025078 | 0.038477 | 0.071258 | 0.059036 | 0.051593 | 0.004513 | 0.120799 | 0.051743 | 0.005258 | 0.101810 | 0.081060 | 0.087175 | 0.057845 | 0.102902 | 0.039113 |-0.050289 | 0.019330] ||
	|| {4}: Cumulative Yield Vertex:    0.028159 | 0.039914 | 0.037338 | 0.044486 | 0.041239 | 0.041958 | 0.042950 | 0.047769 | 0.040541 | 0.044897 | 0.045416 | 0.048025 | 0.051193 | 0.049313 | 0.048589 | 0.049998 | 0.050528 | 0.050587 | 0.048138 | 0.051709 | 0.051710 | 0.049571 | 0.051814 | 0.053023 | 0.054378 | 0.054511 | 0.056282 | 0.055667 | 0.051922 | 0.050825 ||
	||-------------------------------------------------------------------------------------------------------------------------------||
	|| {4}:  07531 => 06683 | 0116 | 0732 | 0000 ||
	||-------------------------------------------------------------------------------------------------------------------------------||
	|| {5}: [Value:  0.000729; Vertex:  0.027967 | 0.052077 | 0.031826 | 0.065769 | 0.029845 | 0.042133 | 0.053412 | 0.076101 |-0.008106 | 0.082195 | 0.046586 | 0.077694 | 0.116585 |-0.008420 | 0.054460 | 0.046031 | 0.088833 | 0.028137 | 0.025259 | 0.093054 | 0.056693 | 0.025393 | 0.095388 | 0.109118 | 0.047997 | 0.059933 | 0.036441 | 0.069625 | 0.002148 | 0.095621] ||
	|| {5}: Cumulative Yield Vertex:    0.027967 | 0.040003 | 0.037276 | 0.044358 | 0.041448 | 0.041563 | 0.043250 | 0.047325 | 0.041094 | 0.045175 | 0.045304 | 0.047982 | 0.053176 | 0.048705 | 0.049088 | 0.048897 | 0.051223 | 0.049931 | 0.048626 | 0.050823 | 0.051102 | 0.049924 | 0.051879 | 0.054231 | 0.053981 | 0.054210 | 0.053550 | 0.054122 | 0.052308 | 0.053740 ||
	||-------------------------------------------------------------------------------------------------------------------------------||
	|| {5}:  07074 => 06270 | 0101 | 0703 | 0000 ||
	||-------------------------------------------------------------------------------------------------------------------------------||
	|| {6}: [Value:  0.000726; Vertex:  0.028187 | 0.051830 | 0.031713 | 0.066802 | 0.028203 | 0.043720 | 0.051797 | 0.084815 |-0.033646 | 0.110028 | 0.038844 | 0.073621 | 0.109522 | 0.002366 | 0.049047 | 0.071073 | 0.047118 | 0.064609 | 0.002633 | 0.095888 | 0.083414 |-0.008301 | 0.117828 | 0.078316 | 0.064170 | 0.070295 | 0.054939 | 0.030922 | 0.035704 | 0.048243] ||
	|| {6}: Cumulative Yield Vertex:    0.028187 | 0.039990 | 0.037230 | 0.044578 | 0.041294 | 0.041699 | 0.043137 | 0.048298 | 0.039032 | 0.046036 | 0.045382 | 0.047719 | 0.052405 | 0.048783 | 0.048800 | 0.050184 | 0.050004 | 0.050814 | 0.048252 | 0.050606 | 0.052155 | 0.049362 | 0.052291 | 0.053368 | 0.053798 | 0.054432 | 0.054450 | 0.053606 | 0.052987 | 0.052828 ||
	||-------------------------------------------------------------------------------------------------------------------------------||
	|| {6}:  06406 => 05604 | 0104 | 0698 | 0000 ||
	||-------------------------------------------------------------------------------------------------------------------------------||
	|| {7}: [Value:  0.000734; Vertex:  0.028101 | 0.051871 | 0.031814 | 0.066835 | 0.028328 | 0.043072 | 0.053643 | 0.077441 |-0.017486 | 0.096159 | 0.040216 | 0.082163 | 0.090612 | 0.024050 | 0.033064 | 0.067131 | 0.071809 | 0.045337 | 0.015469 | 0.081677 | 0.054079 | 0.035807 | 0.093213 | 0.113254 | 0.091526 | 0.006731 | 0.027948 | 0.071167 | 0.024508 | 0.042810] ||
	|| {7}: Cumulative Yield Vertex:    0.028101 | 0.039967 | 0.037248 | 0.044600 | 0.041337 | 0.041627 | 0.043338 | 0.047567 | 0.040239 | 0.045774 | 0.045268 | 0.048316 | 0.051537 | 0.049557 | 0.048454 | 0.049616 | 0.050914 | 0.050603 | 0.048740 | 0.050373 | 0.050549 | 0.049876 | 0.051740 | 0.054265 | 0.055742 | 0.053831 | 0.052867 | 0.053517 | 0.052511 | 0.052186 ||
	||-------------------------------------------------------------------------------------------------------------------------------||
	|| {7}:  05367 => 04597 | 0085 | 0685 | 0000 ||
	||-------------------------------------------------------------------------------------------------------------------------------||
	|| {8}: [Value:  0.000726; Vertex:  0.028164 | 0.051811 | 0.031789 | 0.066690 | 0.028506 | 0.043146 | 0.053076 | 0.074661 |-0.004162 | 0.104568 | 0.016567 | 0.091319 | 0.092444 | 0.005934 | 0.063633 | 0.037032 | 0.064046 | 0.058669 | 0.025913 | 0.088635 | 0.038014 | 0.017638 | 0.158347 | 0.072350 | 0.066130 | 0.007142 | 0.084699 | 0.074156 | 0.006517 | 0.035126] ||
	|| {8}: Cumulative Yield Vertex:    0.028164 | 0.039969 | 0.037241 | 0.044559 | 0.041340 | 0.041641 | 0.043270 | 0.047165 | 0.041401 | 0.047643 | 0.044801 | 0.048635 | 0.051970 | 0.048640 | 0.049636 | 0.048846 | 0.049737 | 0.050233 | 0.048947 | 0.050912 | 0.050296 | 0.048797 | 0.053439 | 0.054223 | 0.054698 | 0.052844 | 0.054015 | 0.054730 | 0.053050 | 0.052448 ||
	||-------------------------------------------------------------------------------------------------------------------------------||
	|| {8}:  06986 => 06216 | 0091 | 0679 | 0000 ||
	||-------------------------------------------------------------------------------------------------------------------------------||
	|| {9}: [Value:  0.000723; Vertex:  0.028134 | 0.051840 | 0.031856 | 0.066534 | 0.028386 | 0.043264 | 0.054283 | 0.069250 | 0.007457 | 0.067256 | 0.052851 | 0.071242 | 0.122376 |-0.005686 | 0.041312 | 0.072198 | 0.057932 | 0.050256 | 0.011676 | 0.088682 | 0.102910 |-0.026389 | 0.118897 | 0.094020 | 0.085987 | 0.020025 | 0.079109 | 0.032208 | 0.021040 | 0.018029] ||
	|| {9}: Cumulative Yield Vertex:    0.028134 | 0.039969 | 0.037264 | 0.044537 | 0.041299 | 0.041627 | 0.043428 | 0.046636 | 0.042248 | 0.044740 | 0.045476 | 0.047609 | 0.053262 | 0.048986 | 0.048474 | 0.049948 | 0.050416 | 0.050407 | 0.048352 | 0.050348 | 0.052820 | 0.049144 | 0.052126 | 0.053854 | 0.055129 | 0.053765 | 0.054697 | 0.053890 | 0.052749 | 0.051580 ||
	||-------------------------------------------------------------------------------------------------------------------------------||
	|| {9}:  07491 => 06681 | 0108 | 0702 | 0000 ||
	||-------------------------------------------------------------------------------------------------------------------------------||
	|| {10}: [Value:  0.000739; Vertex:  0.028213 | 0.051742 | 0.031830 | 0.066648 | 0.028465 | 0.043802 | 0.052916 | 0.069660 | 0.006661 | 0.093550 | 0.022951 | 0.086127 | 0.106871 |-0.005633 | 0.048298 | 0.068816 | 0.080719 | 0.018645 | 0.024706 | 0.084727 | 0.081309 | 0.031101 | 0.066570 | 0.114830 | 0.050940 | 0.051135 | 0.048862 | 0.029779 | 0.082856 | 0.036850] ||
	|| {10}: Cumulative Yield Vertex:    0.028213 | 0.039960 | 0.037249 | 0.044554 | 0.041328 | 0.041741 | 0.043332 | 0.046603 | 0.042128 | 0.047223 | 0.045006 | 0.048399 | 0.052836 | 0.048595 | 0.048575 | 0.049834 | 0.051637 | 0.049786 | 0.048459 | 0.050256 | 0.051724 | 0.050780 | 0.051463 | 0.054063 | 0.053939 | 0.053830 | 0.053646 | 0.052790 | 0.053818 | 0.053249 ||
	||-------------------------------------------------------------------------------------------------------------------------------||
	|| {10}:  05151 => 04343 | 0107 | 0701 | 0000 ||
	||-------------------------------------------------------------------------------------------------------------------------------||
	|| {11}: [Value:  0.000737; Vertex:  0.028075 | 0.051891 | 0.031811 | 0.066862 | 0.028700 | 0.040196 | 0.058122 | 0.064636 | 0.017362 | 0.089828 | 0.018292 | 0.083787 | 0.097030 | 0.010009 | 0.043173 | 0.086245 | 0.032759 | 0.056609 | 0.026075 | 0.083700 | 0.049917 | 0.027660 | 0.106400 | 0.108572 | 0.059660 | 0.070011 | 0.022462 | 0.045490 | 0.021021 | 0.012655] ||
	|| {11}: Cumulative Yield Vertex:    0.028075 | 0.039964 | 0.037245 | 0.044605 | 0.041415 | 0.041212 | 0.043617 | 0.046231 | 0.043005 | 0.047648 | 0.044964 | 0.048169 | 0.051885 | 0.048859 | 0.048480 | 0.050818 | 0.049752 | 0.050133 | 0.048861 | 0.050588 | 0.050556 | 0.049507 | 0.051947 | 0.054274 | 0.054489 | 0.055085 | 0.053868 | 0.053569 | 0.052439 | 0.051097 ||
	||-------------------------------------------------------------------------------------------------------------------------------||
	|| {11}:  06704 => 05849 | 0122 | 0733 | 0000 ||
	||-------------------------------------------------------------------------------------------------------------------------------||
	|| {12}: [Value:  0.000738; Vertex:  0.028186 | 0.051772 | 0.031808 | 0.066567 | 0.029503 | 0.038805 | 0.059321 | 0.068884 | 0.001340 | 0.072163 | 0.050729 | 0.086492 | 0.069862 | 0.039608 | 0.041469 | 0.058313 | 0.058616 | 0.057885 | 0.006616 | 0.099499 | 0.055262 | 0.028755 | 0.110783 | 0.098696 | 0.029620 | 0.049710 | 0.055840 | 0.067951 | 0.041199 | 0.038539] ||
	|| {12}: Cumulative Yield Vertex:    0.028186 | 0.039961 | 0.037242 | 0.044529 | 0.041517 | 0.041064 | 0.043660 | 0.046794 | 0.041696 | 0.044728 | 0.045273 | 0.048674 | 0.050295 | 0.049528 | 0.048990 | 0.049571 | 0.050102 | 0.050535 | 0.048201 | 0.050734 | 0.050949 | 0.049933 | 0.052540 | 0.054442 | 0.053444 | 0.053300 | 0.053394 | 0.053911 | 0.053472 | 0.052971 ||
	||-------------------------------------------------------------------------------------------------------------------------------||
	|| {12}:  04122 => 03404 | 0054 | 0664 | 0000 ||
	||-------------------------------------------------------------------------------------------------------------------------------||
	|| {13}: [Value:  0.000733; Vertex:  0.028134 | 0.051894 | 0.031681 | 0.067174 | 0.027842 | 0.042745 | 0.055820 | 0.071828 |-0.007677 | 0.095437 | 0.034409 | 0.079589 | 0.126491 |-0.026084 | 0.061514 | 0.057726 | 0.055027 | 0.050949 | 0.029623 | 0.077663 | 0.091064 |-0.000557 | 0.105163 | 0.078922 | 0.054986 | 0.081337 | 0.053948 | 0.012900 | 0.081668 | 0.026131] ||
	|| {13}: Cumulative Yield Vertex:    0.028134 | 0.039996 | 0.037223 | 0.044665 | 0.041291 | 0.041533 | 0.043567 | 0.047076 | 0.040922 | 0.046320 | 0.045235 | 0.048074 | 0.053998 | 0.048160 | 0.049047 | 0.049588 | 0.049908 | 0.049966 | 0.048891 | 0.050319 | 0.052240 | 0.049805 | 0.052180 | 0.053286 | 0.053354 | 0.054426 | 0.054408 | 0.052912 | 0.053896 | 0.052963 ||
	||-------------------------------------------------------------------------------------------------------------------------------||
	|| {13}:  07039 => 06156 | 0134 | 0749 | 0000 ||
	||-------------------------------------------------------------------------------------------------------------------------------||
	|| {14}: [Value:  0.000722; Vertex:  0.028158 | 0.051838 | 0.031651 | 0.067080 | 0.028349 | 0.042654 | 0.052837 | 0.083427 |-0.029498 | 0.094355 | 0.052790 | 0.069240 | 0.118372 |-0.007629 | 0.058236 | 0.057044 | 0.054177 | 0.054480 | 0.019846 | 0.087581 | 0.111937 |-0.043217 | 0.139819 | 0.063992 | 0.062281 | 0.071427 | 0.078358 | 0.034335 | 0.019222 |-0.011002] ||
	|| {14}: Cumulative Yield Vertex:    0.028158 | 0.039980 | 0.037202 | 0.044626 | 0.041362 | 0.041578 | 0.043181 | 0.048166 | 0.039393 | 0.044834 | 0.045555 | 0.047517 | 0.052879 | 0.048488 | 0.049136 | 0.049629 | 0.049896 | 0.050151 | 0.048546 | 0.050479 | 0.053363 | 0.048862 | 0.052732 | 0.053200 | 0.053562 | 0.054248 | 0.055135 | 0.054389 | 0.053167 | 0.050991 ||
	||-------------------------------------------------------------------------------------------------------------------------------||
	|| {14}:  08131 => 07261 | 0130 | 0740 | 0000 ||
	||-------------------------------------------------------------------------------------------------------------------------------||
	|| {15}: [Value:  0.000722; Vertex:  0.028127 | 0.051913 | 0.031717 | 0.066264 | 0.029819 | 0.039534 | 0.056991 | 0.075225 |-0.011843 | 0.100109 | 0.030511 | 0.080518 | 0.100492 | 0.010167 | 0.051252 | 0.053387 | 0.066954 | 0.036271 | 0.029079 | 0.109685 | 0.049800 | 0.003377 | 0.115392 | 0.084066 | 0.103047 | 0.036705 | 0.031144 | 0.060066 | 0.014820 |-0.018196] ||
	|| {15}: Cumulative Yield Vertex:    0.028127 | 0.040002 | 0.037239 | 0.044452 | 0.041519 | 0.041187 | 0.043435 | 0.047380 | 0.040717 | 0.046591 | 0.045125 | 0.048049 | 0.052034 | 0.049009 | 0.049158 | 0.049422 | 0.050449 | 0.049657 | 0.048569 | 0.051581 | 0.051496 | 0.049279 | 0.052108 | 0.053429 | 0.055390 | 0.054667 | 0.053791 | 0.054015 | 0.052652 | 0.050245 ||
	||-------------------------------------------------------------------------------------------------------------------------------||
	|| {15}:  08350 => 07401 | 0173 | 0776 | 0000 ||
	||-------------------------------------------------------------------------------------------------------------------------------||
	|| {16}: [Value:  0.000720; Vertex:  0.028136 | 0.051849 | 0.031782 | 0.066818 | 0.027887 | 0.044535 | 0.052721 | 0.078213 |-0.019654 | 0.111878 | 0.022439 | 0.090614 | 0.103257 |-0.004566 | 0.047493 | 0.069886 | 0.061112 | 0.055295 |-0.002726 | 0.120238 | 0.053735 | 0.001753 | 0.131917 | 0.069057 | 0.083925 | 0.017998 | 0.067223 | 0.052655 | 0.038566 | 0.023729] ||
	|| {16}: Cumulative Yield Vertex:    0.028136 | 0.039974 | 0.037242 | 0.044591 | 0.041241 | 0.041791 | 0.043348 | 0.047671 | 0.040083 | 0.047165 | 0.044906 | 0.048674 | 0.052820 | 0.048658 | 0.048581 | 0.049905 | 0.050562 | 0.050825 | 0.047973 | 0.051525 | 0.051630 | 0.049332 | 0.052852 | 0.053524 | 0.054731 | 0.053303 | 0.053817 | 0.053775 | 0.053249 | 0.052256 ||
	||-------------------------------------------------------------------------------------------------------------------------------||
	|| {16}:  08596 => 07632 | 0173 | 0791 | 0000 ||
	||-------------------------------------------------------------------------------------------------------------------------------||
	|| {17}: [Value:  0.000727; Vertex:  0.028116 | 0.051748 | 0.032053 | 0.066072 | 0.029469 | 0.041006 | 0.054945 | 0.078447 |-0.018425 | 0.100160 | 0.035955 | 0.082604 | 0.101814 | 0.001337 | 0.056866 | 0.044143 | 0.077373 | 0.045060 | 0.020732 | 0.095834 | 0.068423 | 0.002888 | 0.085606 | 0.109872 | 0.078898 | 0.048003 | 0.044002 | 0.052412 | 0.045825 | 0.050510] ||
	|| {17}: Cumulative Yield Vertex:    0.028116 | 0.039914 | 0.037293 | 0.044445 | 0.041442 | 0.041370 | 0.043302 | 0.047659 | 0.040214 | 0.046142 | 0.045214 | 0.048302 | 0.052367 | 0.048672 | 0.049217 | 0.048900 | 0.050563 | 0.050256 | 0.048692 | 0.051023 | 0.051847 | 0.049592 | 0.051143 | 0.053556 | 0.054563 | 0.054310 | 0.053927 | 0.053873 | 0.053595 | 0.053492 ||
	||-------------------------------------------------------------------------------------------------------------------------------||
	|| {17}:  07020 => 06126 | 0145 | 0749 | 0000 ||
	||-------------------------------------------------------------------------------------------------------------------------------||
	|| {18}: [Value:  0.000721; Vertex:  0.028193 | 0.051723 | 0.031881 | 0.066777 | 0.028031 | 0.044494 | 0.051925 | 0.073612 | 0.000236 | 0.080629 | 0.040701 | 0.084292 | 0.096838 | 0.004684 | 0.050221 | 0.071730 | 0.056974 | 0.053489 |-0.008350 | 0.106536 | 0.095395 |-0.005065 | 0.107645 | 0.064201 | 0.107110 | 0.037408 | 0.069246 | 0.073665 |-0.058919 | 0.052012] ||
	|| {18}: Cumulative Yield Vertex:    0.028193 | 0.039940 | 0.037253 | 0.044589 | 0.041268 | 0.041807 | 0.043248 | 0.047016 | 0.041768 | 0.045629 | 0.045181 | 0.048410 | 0.052092 | 0.048663 | 0.048766 | 0.050193 | 0.050591 | 0.050752 | 0.047601 | 0.050506 | 0.052620 | 0.049957 | 0.052430 | 0.052919 | 0.055058 | 0.054375 | 0.054924 | 0.055590 | 0.051534 | 0.051550 ||
	||-------------------------------------------------------------------------------------------------------------------------------||
	|| {18}:  06747 => 05872 | 0125 | 0750 | 0000 ||
	||-------------------------------------------------------------------------------------------------------------------------------||
	|| {19}: [Value:  0.000727; Vertex:  0.028178 | 0.051668 | 0.032162 | 0.065933 | 0.029153 | 0.042171 | 0.055246 | 0.079876 |-0.027127 | 0.077073 | 0.069178 | 0.077866 | 0.096326 | 0.008780 | 0.053725 | 0.062199 | 0.064105 | 0.040947 | 0.010927 | 0.101695 | 0.050003 | 0.037034 | 0.102765 | 0.073188 | 0.099236 | 0.013247 | 0.082908 | 0.062034 |-0.004653 | 0.036029] ||
	|| {19}: Cumulative Yield Vertex:    0.028178 | 0.039905 | 0.037323 | 0.044434 | 0.041370 | 0.041504 | 0.043460 | 0.047973 | 0.039495 | 0.043229 | 0.045573 | 0.048243 | 0.051900 | 0.048783 | 0.049112 | 0.049927 | 0.050758 | 0.050210 | 0.048125 | 0.050769 | 0.050733 | 0.050107 | 0.052367 | 0.053230 | 0.055049 | 0.053422 | 0.054506 | 0.054774 | 0.052697 | 0.052138 ||
	||-------------------------------------------------------------------------------------------------------------------------------||
	|| {19}:  06113 => 05341 | 0079 | 0693 | 0000 ||
	||-------------------------------------------------------------------------------------------------------------------------------||

	|-----------------------------------------------------------------|
	|    Copyright (C) 2011-2026 (DRIP, DROP)
	|-----------------------------------------------------------------|
	|    Build Version  => 8.01.0 multi
	|    Build JVM (TM) => 15.0.1+9-18 mixed mode, sharing
	|    Build Snap     => Sat Sep 26 23:09:04 EST 2026
	|    Start Time     => Fri Oct 02 11:34:27 EDT 2026
	|    Setup Time     => Fri Oct 02 11:34:28 EDT 2026
	|    Finish Time    => Fri Oct 02 12:10:05 EDT 2026
	|    Setup Duration => 923 ms
	|    Run Duration   => 35 m 37 s 409 ms
	|-----------------------------------------------------------------|

